96100,'0e5131610429337c0530',952,,274,20,0,25 6 26 27,0
96100,'1c2e3625233d01453772',1845,,276,21,0,70 13 71,0
96100,'1f5759673f12020b0a50',1050,,280,21,0,70 13 71,0,795,,282,21,0,70 13 71,0
96100,'207e270d054b176b5d33',1830,,50,21,0,16 14,0
96100,'26316a4c147077516358',1838,,51,22,0,20 21 22,0
96100,'31744f7e5638320a2d4c',1332,,284,21,0,70 13 71,0
96100,'3823594e52252d7f6b14',1650,,287,21,0,70 13 71,0
96100,'456e647057623f581d57',1332,,289,20,0,70 13 71,0
96100,'57250a1f2855612e2d17',1341,,54,21,0,20 21 22,0
96100,'62061874353c664e5006',939,,59,22,0,25 6 26 27,0,901,,60,21,0,16 14,0
96100,'6706020c382341356e26',1100,,62,21,0,16 14,0
96100,'700e3c046b76752b6946',2135,,294,21,0,16 14,0
96100,'734c3e1b1c1138406a07',811,,65,20,0,28 29,0,289,,68,21,0,16 14,0
