96000,'02070559307629202a09',1022,,1,9,0,5 41 13 14,0
96000,'0a2f1e22095132130163',1742,,2,6,0,5 6 7 8,0,100,,3,6,0,47 48,0
96000,'1c2e3625233d01453772',822,,237,9,0,5 42,0,185,,238,9,0,5 42,0,235,,239,9,0,5 42,0,85,,240,9,0,5 42,0,225,,233,9,0,5 42,0,185,,234,9,0,5 42,0,105,,235,9,0,5 42,0,110,,236,9,0,5 42,0
96000,'1f5759673f12020b0a50',1022,,241,9,0,5 42,0
96000,'2a08755845643968295b',712,,4,9,0,5 42,0
96000,'2a5b3362091f52630354',712,,5,9,0,5 6 7 8,0,195,,8,9,0,5 6 7 8,0
96000,'2c295b0e5f4444502b59',812,,11,9,0,5 41 13 14,0,430,,9,9,0,5 41 13 14,0,510,,10,9,0,5 42,0
96000,'31744f7e5638320a2d4c',1242,,242,6,0,47 48,0
96000,'4d7a6615443531084902',822,,19,9,0,5 42,0,185,,20,9,0,5 42,0,235,,12,9,0,5 42,0,85,,13,9,0,5 42,0,225,,14,9,0,5 42,0,80,,15,9,0,5 42,0,105,,16,9,0,5 42,0,105,,17,9,0,5 42,0,110,,18,9,0,5 42,0
96000,'59737b0d0f044b52693e',712,,243,9,0,5 42,0
96000,'725616403949496a5c67',1242,,21,6,0,47 48,0
96000,'7a7c2673351c18595c18',812,,244,9,0,5 42,0,430,,245,9,0,5 42,0,510,,246,9,0,5 42,0
96000,'7f443a14596255477616',712,,250,9,0,5 6 7 8,0,195,,252,9,0,5 6 7 8,0,725,,247,9,0,5 42,0,110,,248,6,0,5 6 7 8,0,100,,249,6,0,47 48,0
