96100,'0e5131610429337c0530',836,,274,2,0,25 6 26 27,0
96100,'1c2e3625233d01453772',712,,277,4,0,70 13 71,0,45,,278,4,0,70 13 71,0,850,,275,4,0,20 21 22,0,140,,276,4,0,70 13 71,0
96100,'1f06603d1d7b4f2e4171',1352,,47,4,0,16 14,0,270,,48,4,0,16 14,0
96100,'1f5759673f12020b0a50',952,,280,4,0,70 13 71,0,295,,281,4,0,72 73,0,500,,282,4,0,70 13 71,0,90,,283,4,0,72 73,0
96100,'207e270d054b176b5d33',1732,,50,4,0,16 14,0,95,,49,4,0,17 18 19,0
96100,'26316a4c147077516358',1742,,51,5,0,20 21 22,0,90,,52,3,0,32 33,0
96100,'31744f7e5638320a2d4c',1237,,284,5,0,70 13 71,0,5,,285,3,0,32 33,0
96100,'3823594e52252d7f6b14',1552,,287,4,0,70 13 71,0
96100,'456e647057623f581d57',1237,,289,4,0,70 13 71,0,90,,288,4,0,72 73,0
96100,'470c2b026954373b2a2c',1837,,290,4,0,72 73,0
96100,'51690127300c691c172c',822,,53,4,0,23 24,0
96100,'553d275f1455102c362a',1737,,291,5,0,20 21 22,0,95,,292,3,0,32 33,0,5,,293,5,0,72 73,0
96100,'57250a1f2855612e2d17',1242,,55,3,0,32 33,0
96100,'62061874353c664e5006',822,,59,4,0,25 6 26 27,0,920,,60,4,0,16 14,0,100,,58,5,0,17 18 19,0
96100,'6706020c382341356e26',617,,61,4,0,16 14,0,385,,62,4,0,16 14,0,240,,63,4,0,16 14,0,490,,64,4,0,16 14,0
96100,'700e3c046b76752b6946',2037,,294,4,0,16 14,0
96100,'734c3e1b1c1138406a07',617,,67,4,0,16 14,0,95,,65,4,0,28 29,0,290,,68,4,0,16 14,0,240,,69,4,0,16 14,0,360,,66,4,0,20 30 31,0
