96200,'02070559307629202a09',1720,,97,2,0,5 42,0
96200,'0a2f1e22095132130163',1712,,99,3,0,5 42,0,106,,98,3,0,5 42,0
96200,'2a5b3362091f52630354',705,,100,2,0,5 6 7 8,0
96200,'2c295b0e5f4444502b59',805,,101,3,0,5 42,0,515,,102,3,0,5 42,0
96200,'2c3d7478417b2a41516b',1712,,106,2,0,5 42,0
96200,'4d7a6615443531084902',805,,107,3,0,5 42,0,515,,108,3,0,5 42,0
96200,'725616403949496a5c67',1217,,113,3,0,5 42,0,601,,112,2,0,5 42,0
96500,'1a2d50186c1c71632610',1920,,159,2,0,54 21 55 56 57,0
96500,'26316a4c147077516358',1705,,161,1,0,58 21 59 60,0,30,,162,2,0,54 21 55 56 57,0
96500,'310c545b6d5159571c44',930,,164,2,0,9 10 11,0,320,,165,2,0,61 62,0
96500,'33541d3336005f05731c',850,,171,2,0,63 13,0,400,,172,2,0,63 13,0,365,,173,2,0,63 13,0,290,,170,2,0,63 13,0
96500,'4826425567292a620f4b',1920,,175,2,0,61 62,0
96500,'57250a1f2855612e2d17',1235,,177,2,0,54 21 55 56 57,0
96500,'62061874353c664e5006',715,,180,2,0,63 13,0,800,,181,2,0,63 13,0
96500,'734c3e1b1c1138406a07',828,,184,2,0,63 13,0,372,,185,2,0,63 13,0,50,,183,2,0,61 62,0,405,,186,2,0,63 13,0,160,,187,2,0,63 13,0
