96000,'02070559307629202a09',1023,,1,10,0,5 41 13 14,0
96000,'0a2f1e22095132130163',1743,,2,7,0,5 6 7 8,0,100,,3,7,0,47 48,0
96000,'1c2e3625233d01453772',823,,237,10,0,5 42,0,185,,238,10,0,5 42,0,235,,239,10,0,5 42,0,85,,240,10,0,5 42,0,225,,233,10,0,5 42,0,185,,234,10,0,5 42,0,105,,235,10,0,5 42,0,110,,236,10,0,5 42,0
96000,'1f5759673f12020b0a50',1023,,241,10,0,5 42,0
96000,'2a08755845643968295b',713,,4,10,0,5 42,0
96000,'2a5b3362091f52630354',713,,5,10,0,5 6 7 8,0,195,,8,10,0,5 6 7 8,0
96000,'2c295b0e5f4444502b59',813,,11,10,0,5 41 13 14,0,430,,9,10,0,5 41 13 14,0,510,,10,10,0,5 42,0
96000,'31744f7e5638320a2d4c',1243,,242,7,0,47 48,0
96000,'4d7a6615443531084902',823,,19,10,0,5 42,0,185,,20,10,0,5 42,0,235,,12,10,0,5 42,0,85,,13,10,0,5 42,0,225,,14,10,0,5 42,0,80,,15,10,0,5 42,0,105,,16,10,0,5 42,0,105,,17,10,0,5 42,0,110,,18,10,0,5 42,0
96000,'59737b0d0f044b52693e',713,,243,10,0,5 42,0
96000,'725616403949496a5c67',1243,,21,7,0,47 48,0
96000,'7a7c2673351c18595c18',813,,244,10,0,5 42,0,430,,245,10,0,5 42,0,510,,246,10,0,5 42,0
96000,'7f443a14596255477616',713,,250,10,0,5 6 7 8,0,195,,252,10,0,5 6 7 8,0,725,,247,10,0,5 42,0,110,,248,7,0,5 6 7 8,0,100,,249,7,0,47 48,0
