96001,'02070559307629202a09',909,,22,13,0,43 13 14,0
96001,'063e0e696b51092e1125',1234,,23,13,0,43 13 14,0
96001,'0a2f1e22095132130163',1549,,24,14,0,43 13 14,0,90,,25,16,0,43 13 14,0,100,,26,16,0,43 13 14,0,5,,28,14,0,43 13 14,0,105,,30,16,0,43 13 14,0
96001,'1c2e3625233d01453772',714,,254,13,0,43 13 14,0,103,,255,13,0,43 13 14,0,97,,256,13,0,43 13 14,0,235,,257,13,0,43 13 14,0,205,,258,13,0,43 13 14,0,590,,253,13,0,43 13 14,0
96001,'1f5759673f12020b0a50',909,,259,13,0,43 13 14,0
96001,'2a5b3362091f52630354',719,,31,16,0,43 13 44 45 46,0,110,,32,13,0,43 13 14,0,405,,33,14,0,43 13 14,0
96001,'2c295b0e5f4444502b59',1144,,36,13,0,43 13 14,0,365,,34,13,0,43 13 14,0,330,,35,13,0,43 13 14,0
96001,'2c3d7478417b2a41516b',1744,,37,13,0,43 13 14,0,105,,38,13,0,43 13 14,0
96001,'31744f7e5638320a2d4c',1234,,261,14,0,43 13 14,0
96001,'470c2b026954373b2a2c',1644,,262,13,0,43 13 14,0,100,,263,13,0,43 13 14,0,105,,264,13,0,43 13 14,0
96001,'4d7a6615443531084902',714,,40,13,0,43 13 14,0,103,,41,13,0,43 13 14,0,87,,42,13,0,43 13 14,0,245,,43,13,0,43 13 14,0,205,,39,13,0,43 13 14,0
96001,'553d275f1455102c362a',1234,,269,13,0,43 13 14,0,408,,265,14,0,43 13 14,0,97,,266,16,0,43 13 14,0,5,,267,14,0,43 13 14,0,103,,268,14,0,43 13 14,0
96001,'725616403949496a5c67',1239,,44,16,0,43 13 14,0
96001,'767417067c1f4f372263',1639,,46,13,0,43 13 14,0
96001,'7a7c2673351c18595c18',1144,,270,13,0,43 13 14,0,365,,271,13,0,43 13 14,0,330,,272,13,0,43 13 14,0
96001,'7f443a14596255477616',719,,273,16,0,43 13 44 45 46,0
