96000,'02070559307629202a09',1038,,1,19,0,5 41 13 14,0
96000,'0a2f1e22095132130163',1758,,2,16,0,5 6 7 8,0,100,,3,16,0,47 48,0
96000,'2a08755845643968295b',728,,4,19,0,5 42,0
96000,'2a5b3362091f52630354',728,,5,19,0,5 6 7 8,0,195,,8,19,0,5 6 7 8,0
96000,'2c295b0e5f4444502b59',828,,11,19,0,5 41 13 14,0,430,,9,19,0,5 41 13 14,0,550,,10,19,0,5 42,0
96000,'4d7a6615443531084902',838,,19,19,0,5 42,0,182,,20,19,0,5 42,0,238,,12,19,0,5 42,0,85,,13,19,0,5 42,0,261,,14,19,0,5 42,0,44,,15,19,0,5 42,0,105,,16,19,0,5 42,0,105,,17,19,0,5 42,0,150,,18,19,0,5 42,0
96000,'725616403949496a5c67',1258,,21,16,0,47 48,0
96200,'02070559307629202a09',1751,,97,11,0,5 42,0
96200,'0a2f1e22095132130163',1754,,99,17,0,5 42,0,102,,98,17,0,5 42,0
96200,'2a5b3362091f52630354',739,,100,13,0,5 6 7 8,0
96200,'2c295b0e5f4444502b59',829,,101,12,0,5 42,0,519,,102,12,0,5 42,0
96200,'2c3d7478417b2a41516b',1754,,106,11,0,5 42,0
96200,'4d7a6615443531084902',829,,107,12,0,5 42,0,519,,108,12,0,5 42,0
96200,'725616403949496a5c67',1254,,113,17,0,5 42,0,602,,112,11,0,5 42,0
