96100,'1c2e3625233d01453772',956,,278,29,0,70 13 71,0,962,,276,29,0,70 13 71,0
96100,'1f06603d1d7b4f2e4171',1549,,47,28,0,16 14,0,270,,48,28,0,16 14,0
96100,'1f5759673f12020b0a50',1123,,280,29,0,70 13 71,0,795,,282,29,0,70 13 71,0
96100,'207e270d054b176b5d33',1923,,50,30,0,16 14,0
96100,'31744f7e5638320a2d4c',1408,,284,30,0,70 13 71,0
96100,'3823594e52252d7f6b14',1723,,287,29,0,70 13 71,0
96100,'456e647057623f581d57',1408,,289,29,0,70 13 71,0
96100,'62061874353c664e5006',1933,,60,30,0,16 14,0
96100,'6706020c382341356e26',814,,61,28,0,16 14,0,319,,62,28,0,16 14,0,306,,63,28,0,16 14,0,490,,64,28,0,16 14,0
96100,'700e3c046b76752b6946',2208,,294,28,0,16 14,0
96100,'734c3e1b1c1138406a07',814,,67,28,0,16 14,0,319,,68,28,0,16 14,0,306,,69,28,0,16 14,0
96101,'1c2e3625233d01453772',648,,302,2,0,43 21 49,0,370,,304,2,0,43 21 49,0,230,,298,2,0,43 21 49,0,305,,299,2,0,43 21 49,0
96101,'1f06603d1d7b4f2e4171',1310,,73,4,0,43 21 49,0,500,,72,4,0,43 21 49,0
96101,'1f5759673f12020b0a50',648,,305,2,0,43 21 49,0,905,,307,2,0,43 21 49,0
96101,'3823594e52252d7f6b14',1748,,311,2,0,43 21 49,0
96101,'6706020c382341356e26',640,,88,4,0,43 21 49,0,395,,89,4,0,43 21 49,0,275,,90,4,0,43 21 49,0,530,,87,4,0,43 21 49,0
96101,'700e3c046b76752b6946',1705,,314,4,0,43 21 49,0
96101,'734c3e1b1c1138406a07',640,,92,4,0,43 21 49,0,395,,93,4,0,43 21 49,0,275,,94,4,0,43 21 49,0,530,,91,4,0,43 21 49,0
