96000,'02070559307629202a09',1035,,1,16,0,5 41 13 14,0
96000,'0a2f1e22095132130163',1755,,2,13,0,5 6 7 8,0,100,,3,13,0,47 48,0
96000,'1c2e3625233d01453772',835,,237,16,0,5 42,0,185,,238,16,0,5 42,0,235,,239,16,0,5 42,0,85,,240,16,0,5 42,0,265,,233,16,0,5 42,0,145,,234,16,0,5 42,0,105,,235,16,0,5 42,0,150,,236,16,0,5 42,0
96000,'1f5759673f12020b0a50',1035,,241,16,0,5 42,0
96000,'2a08755845643968295b',725,,4,16,0,5 42,0
96000,'2a5b3362091f52630354',725,,5,16,0,5 6 7 8,0,195,,8,16,0,5 6 7 8,0
96000,'2c295b0e5f4444502b59',825,,11,16,0,5 41 13 14,0,430,,9,16,0,5 41 13 14,0,550,,10,16,0,5 42,0
96000,'31744f7e5638320a2d4c',1255,,242,13,0,47 48,0
96000,'4d7a6615443531084902',835,,19,16,0,5 42,0,181,,20,16,0,5 42,0,239,,12,16,0,5 42,0,84,,13,16,0,5 42,0,262,,14,16,0,5 42,0,44,,15,16,0,5 42,0,105,,16,16,0,5 42,0,105,,17,16,0,5 42,0,150,,18,16,0,5 42,0
96000,'59737b0d0f044b52693e',725,,243,16,0,5 42,0
96000,'725616403949496a5c67',1255,,21,13,0,47 48,0
96000,'7a7c2673351c18595c18',825,,244,16,0,5 42,0,430,,245,16,0,5 42,0,550,,246,16,0,5 42,0
96000,'7f443a14596255477616',725,,250,16,0,5 6 7 8,0,195,,252,16,0,5 6 7 8,0,725,,247,16,0,5 42,0,110,,248,13,0,5 6 7 8,0,100,,249,13,0,47 48,0
96200,'02070559307629202a09',1749,,97,10,0,5 42,0
96200,'0a2f1e22095132130163',1752,,99,16,0,5 42,0,102,,98,16,0,5 42,0
96200,'2a5b3362091f52630354',737,,100,12,0,5 6 7 8,0
96200,'2c295b0e5f4444502b59',827,,101,11,0,5 42,0,519,,102,11,0,5 42,0
96200,'2c3d7478417b2a41516b',1752,,106,10,0,5 42,0
96200,'4d7a6615443531084902',827,,107,11,0,5 42,0,519,,108,11,0,5 42,0
96200,'725616403949496a5c67',1252,,113,16,0,5 42,0,602,,112,10,0,5 42,0
