96000,'02070559307629202a09',1000,,1,1,0,5 41 13 14,0
96000,'2a08755845643968295b',650,,4,1,0,5 42,0
96000,'2a5b3362091f52630354',650,,5,1,0,5 6 7 8,0,55,,7,1,0,5 6 7 8,0,140,,8,1,0,5 6 7 8,0
96000,'2c295b0e5f4444502b59',750,,11,1,0,5 41 13 14,0,470,,9,1,0,5 41 13 14,0,510,,10,1,0,5 42,0
96000,'4d7a6615443531084902',800,,19,1,0,5 42,0,145,,20,1,0,5 42,0,275,,12,1,0,5 42,0,85,,13,1,0,5 42,0,226,,14,1,0,5 42,0,79,,15,1,0,5 42,0,105,,16,1,0,5 42,0,105,,17,1,0,5 42,0,110,,18,1,0,5 42,0
96100,'1f06603d1d7b4f2e4171',1351,,47,3,0,16 14,0,270,,48,3,0,16 14,0
96100,'207e270d054b176b5d33',1731,,50,3,0,16 14,0,95,,49,3,0,17 18 19,0
96100,'26316a4c147077516358',1741,,51,4,0,20 21 22,0
96100,'51690127300c691c172c',821,,53,3,0,23 24,0
96100,'57250a1f2855612e2d17',1241,,54,4,0,20 21 22,0
96100,'62061874353c664e5006',821,,59,3,0,25 6 26 27,0,920,,60,3,0,16 14,0,100,,58,4,0,17 18 19,0
96100,'6706020c382341356e26',616,,61,3,0,16 14,0,385,,62,3,0,16 14,0,240,,63,3,0,16 14,0,490,,64,3,0,16 14,0
96100,'734c3e1b1c1138406a07',616,,67,3,0,16 14,0,95,,65,3,0,28 29,0,290,,68,3,0,16 14,0,240,,69,3,0,16 14,0,360,,66,3,0,20 30 31,0
96600,'734c3e1b1c1138406a07',705,,211,2,0,53 13 14,0,45,,212,2,0,53 13 14,0,475,,213,2,0,53 13 14,0,400,,214,2,0,53 13 14,0,210,,215,2,0,53 13 14,0
96700,'734c3e1b1c1138406a07',741,,222,3,0,12 13 14,0,364,,223,1,0,12 6 15,0,105,,224,1,0,12 13 14,0,500,,225,1,0,12 6 15,0,115,,226,1,0,12 13 14,0
