96000,'02070559307629202a09',1030,,1,14,0,5 41 13 14,0
96000,'0a2f1e22095132130163',1750,,2,11,0,5 6 7 8,0,100,,3,11,0,47 48,0
96000,'1c2e3625233d01453772',830,,237,14,0,5 42,0,185,,238,14,0,5 42,0,235,,239,14,0,5 42,0,85,,240,14,0,5 42,0,265,,233,14,0,5 42,0,145,,234,14,0,5 42,0,105,,235,14,0,5 42,0,150,,236,14,0,5 42,0
96000,'1f5759673f12020b0a50',1030,,241,14,0,5 42,0
96000,'2a08755845643968295b',720,,4,14,0,5 42,0
96000,'2a5b3362091f52630354',720,,5,14,0,5 6 7 8,0,195,,8,14,0,5 6 7 8,0
96000,'2c295b0e5f4444502b59',820,,11,14,0,5 41 13 14,0,430,,9,14,0,5 41 13 14,0,550,,10,14,0,5 42,0
96000,'31744f7e5638320a2d4c',1250,,242,11,0,47 48,0
96000,'4d7a6615443531084902',830,,19,14,0,5 42,0,183,,20,14,0,5 42,0,237,,12,14,0,5 42,0,85,,13,14,0,5 42,0,223,,14,14,0,5 42,0,82,,15,14,0,5 42,0,105,,16,14,0,5 42,0,105,,17,14,0,5 42,0,150,,18,14,0,5 42,0
96000,'59737b0d0f044b52693e',720,,243,14,0,5 42,0
96000,'725616403949496a5c67',1250,,21,11,0,47 48,0
96000,'7a7c2673351c18595c18',820,,244,14,0,5 42,0,430,,245,14,0,5 42,0,550,,246,14,0,5 42,0
96000,'7f443a14596255477616',720,,250,14,0,5 6 7 8,0,195,,252,14,0,5 6 7 8,0,725,,247,14,0,5 42,0,110,,248,11,0,5 6 7 8,0,100,,249,11,0,47 48,0
