96001,'02070559307629202a09',900,,22,9,0,43 13 14,0
96001,'063e0e696b51092e1125',1225,,23,9,0,43 13 14,0
96001,'0a2f1e22095132130163',1540,,24,10,0,43 13 14,0,90,,25,12,0,43 13 14,0,100,,26,12,0,43 13 14,0,5,,28,10,0,43 13 14,0,105,,30,12,0,43 13 14,0
96001,'1c2e3625233d01453772',705,,254,9,0,43 13 14,0,103,,255,9,0,43 13 14,0,97,,256,9,0,43 13 14,0,235,,257,9,0,43 13 14,0,205,,258,9,0,43 13 14,0,590,,253,9,0,43 13 14,0
96001,'1f5759673f12020b0a50',900,,259,9,0,43 13 14,0
96001,'2a5b3362091f52630354',710,,31,12,0,43 13 44 45 46,0,110,,32,9,0,43 13 14,0,405,,33,10,0,43 13 14,0
96001,'2c295b0e5f4444502b59',1135,,36,9,0,43 13 14,0,365,,34,9,0,43 13 14,0,330,,35,9,0,43 13 14,0
96001,'2c3d7478417b2a41516b',1735,,37,9,0,43 13 14,0,105,,38,9,0,43 13 14,0
96001,'31744f7e5638320a2d4c',1225,,261,10,0,43 13 14,0
96001,'470c2b026954373b2a2c',1635,,262,9,0,43 13 14,0,100,,263,9,0,43 13 14,0,105,,264,9,0,43 13 14,0
96001,'4d7a6615443531084902',705,,40,9,0,43 13 14,0,103,,41,9,0,43 13 14,0,47,,42,9,0,43 13 14,0,285,,43,9,0,43 13 14,0,205,,39,9,0,43 13 14,0
96001,'553d275f1455102c362a',1225,,269,9,0,43 13 14,0,408,,265,10,0,43 13 14,0,97,,266,12,0,43 13 14,0,5,,267,10,0,43 13 14,0,103,,268,10,0,43 13 14,0
96001,'725616403949496a5c67',1230,,44,12,0,43 13 14,0
96001,'767417067c1f4f372263',1630,,46,9,0,43 13 14,0
96001,'7a7c2673351c18595c18',1135,,270,9,0,43 13 14,0,365,,271,9,0,43 13 14,0,330,,272,9,0,43 13 14,0
96001,'7f443a14596255477616',710,,273,12,0,43 13 44 45 46,0
