96100,'1f06603d1d7b4f2e4171',1419,,47,11,0,16 14,0,230,,48,11,0,16 14,0
96100,'207e270d054b176b5d33',1759,,50,11,0,16 14,0,95,,49,11,0,17 18 19,0
96100,'26316a4c147077516358',1809,,51,12,0,20 21 22,0
96100,'51690127300c691c172c',849,,53,11,0,23 24,0
96100,'57250a1f2855612e2d17',1309,,54,12,0,20 21 22,0
96100,'62061874353c664e5006',735,,56,3,0,34 35 36,0,114,,59,11,0,25 6 26 27,0,960,,60,11,0,16 14,0,100,,58,12,0,17 18 19,0
96100,'6706020c382341356e26',644,,61,11,0,16 14,0,385,,62,11,0,16 14,0,280,,63,11,0,16 14,0,450,,64,11,0,16 14,0
96100,'734c3e1b1c1138406a07',644,,67,11,0,16 14,0,97,,65,11,0,28 29,0,288,,68,11,0,16 14,0,280,,69,11,0,16 14,0,320,,66,11,0,20 30 31,0
96101,'1a2d50186c1c71632610',1400,,71,14,0,43 21 49,0
96101,'1f06603d1d7b4f2e4171',1440,,73,21,0,43 21 49,0,500,,72,21,0,43 21 49,0
96101,'207e270d054b176b5d33',703,,74,10,0,43 21 49,0
96101,'26316a4c147077516358',1720,,76,2,0,67 62,0
96101,'41451b6a44727b403b38',206,,78,10,0,43 21 49,0
96101,'57250a1f2855612e2d17',1220,,80,2,0,67 62,0
96101,'62061874353c664e5006',653,,82,10,0,43 13 44 45 46,0,5,,84,3,0,43 13 44 45 46,0,400,,85,8,0,43 21 49,0,647,,86,8,0,43 13 44 45 46,0
96101,'6706020c382341356e26',810,,88,21,0,43 21 49,0,332,,89,22,0,43 21 49,0,298,,90,21,0,43 21 49,0,570,,87,21,0,43 21 49,0
96101,'734c3e1b1c1138406a07',810,,92,21,0,43 21 49,0,97,,96,15,0,43 21 49,0,235,,93,22,0,43 21 49,0,298,,94,21,0,43 21 49,0,361,,95,17,0,43 21 49,0,209,,91,21,0,43 21 49,0
