96100,'0e5131610429337c0530',933,,274,15,0,25 6 26 27,0
96100,'1c2e3625233d01453772',750,,277,16,0,70 13 71,0,85,,278,16,0,70 13 71,0,810,,275,16,0,20 21 22,0,180,,276,16,0,70 13 71,0
96100,'1f06603d1d7b4f2e4171',1430,,47,16,0,16 14,0,270,,48,16,0,16 14,0
96100,'1f5759673f12020b0a50',1030,,280,16,0,70 13 71,0,295,,281,16,0,72 73,0,500,,282,16,0,70 13 71,0,90,,283,16,0,72 73,0
96100,'207e270d054b176b5d33',1810,,50,16,0,16 14,0,95,,49,16,0,17 18 19,0
96100,'26316a4c147077516358',1820,,51,17,0,20 21 22,0
96100,'31744f7e5638320a2d4c',1315,,284,17,0,70 13 71,0,5,,286,16,0,72 73,0
96100,'3823594e52252d7f6b14',1630,,287,16,0,70 13 71,0
96100,'456e647057623f581d57',1315,,289,16,0,70 13 71,0,90,,288,16,0,72 73,0
96100,'470c2b026954373b2a2c',1915,,290,16,0,72 73,0
96100,'51690127300c691c172c',900,,53,16,0,23 24,0
96100,'553d275f1455102c362a',1815,,291,17,0,20 21 22,0,100,,293,17,0,72 73,0
96100,'57250a1f2855612e2d17',1320,,54,17,0,20 21 22,0
96100,'62061874353c664e5006',919,,59,17,0,25 6 26 27,0,901,,60,16,0,16 14,0,100,,58,17,0,17 18 19,0
96100,'6706020c382341356e26',655,,61,16,0,16 14,0,385,,62,16,0,16 14,0,280,,63,16,0,16 14,0,490,,64,16,0,16 14,0
96100,'700e3c046b76752b6946',2115,,294,16,0,16 14,0
96100,'734c3e1b1c1138406a07',655,,67,16,0,16 14,0,95,,65,16,0,28 29,0,290,,68,16,0,16 14,0,280,,69,16,0,16 14,0,320,,66,16,0,20 30 31,0
