96100,'0e5131610429337c0530',932,,274,14,0,25 6 26 27,0
96100,'1c2e3625233d01453772',749,,277,15,0,70 13 71,0,85,,278,15,0,70 13 71,0,810,,275,15,0,20 21 22,0,180,,276,15,0,70 13 71,0
96100,'1f06603d1d7b4f2e4171',1429,,47,15,0,16 14,0,230,,48,15,0,16 14,0
96100,'1f5759673f12020b0a50',1029,,280,15,0,70 13 71,0,295,,281,15,0,72 73,0,500,,282,15,0,70 13 71,0,90,,283,15,0,72 73,0
96100,'207e270d054b176b5d33',1809,,50,15,0,16 14,0,95,,49,15,0,17 18 19,0
96100,'26316a4c147077516358',1819,,51,16,0,20 21 22,0
96100,'31744f7e5638320a2d4c',1314,,284,16,0,70 13 71,0,5,,286,15,0,72 73,0
96100,'3823594e52252d7f6b14',1629,,287,15,0,70 13 71,0
96100,'456e647057623f581d57',1314,,289,15,0,70 13 71,0,90,,288,15,0,72 73,0
96100,'470c2b026954373b2a2c',1914,,290,15,0,72 73,0
96100,'51690127300c691c172c',859,,53,15,0,23 24,0
96100,'553d275f1455102c362a',1814,,291,16,0,20 21 22,0,100,,293,16,0,72 73,0
96100,'57250a1f2855612e2d17',1319,,54,16,0,20 21 22,0
96100,'62061874353c664e5006',918,,59,16,0,25 6 26 27,0,901,,60,15,0,16 14,0,100,,58,16,0,17 18 19,0
96100,'6706020c382341356e26',654,,61,15,0,16 14,0,385,,62,15,0,16 14,0,280,,63,15,0,16 14,0,490,,64,15,0,16 14,0
96100,'700e3c046b76752b6946',2114,,294,15,0,16 14,0
96100,'734c3e1b1c1138406a07',654,,67,15,0,16 14,0,95,,65,15,0,28 29,0,290,,68,15,0,16 14,0,280,,69,15,0,16 14,0,320,,66,15,0,20 30 31,0
