96001,'02070559307629202a09',931,,22,21,4,,0
96001,'063e0e696b51092e1125',1256,,23,21,4,,0
96001,'0a2f1e22095132130163',1611,,24,22,4,,0,90,,25,24,4,,0,54,,27,14,4,,0,46,,26,24,4,,0,5,,28,22,4,,0,49,,29,14,4,,0,56,,30,24,4,,0
96001,'2a5b3362091f52630354',851,,32,21,4,,0,405,,33,22,4,,0
96001,'2c295b0e5f4444502b59',1206,,36,21,4,,0,325,,34,21,4,,0,370,,35,21,4,,0
96001,'2c3d7478417b2a41516b',1806,,37,21,4,,0,105,,38,21,4,,0
96001,'4d7a6615443531084902',736,,40,22,4,,0,103,,41,21,4,,0,87,,42,21,4,,0,285,,43,21,4,,0,205,,39,21,4,,0
96001,'725616403949496a5c67',1255,,45,14,4,,0,46,,44,24,4,,0
96001,'767417067c1f4f372263',1701,,46,21,4,,0
96101,'180111415f0c242f6111',1725,,70,4,4,,0
96101,'1a2d50186c1c71632610',1429,,71,22,0,43 21 49,0
96101,'1f06603d1d7b4f2e4171',1509,,73,29,0,43 21 49,0,500,,72,29,0,43 21 49,0
96101,'207e270d054b176b5d33',732,,74,18,0,43 21 49,0
96101,'26316a4c147077516358',1750,,75,5,0,43 13 44 45 46,0
96101,'41451b6a44727b403b38',235,,78,18,0,43 21 49,0
96101,'57250a1f2855612e2d17',1250,,79,5,0,43 13 44 45 46,0
96101,'62061874353c664e5006',722,,82,18,0,43 13 44 45 46,0,5,,84,11,0,43 13 44 45 46,0,400,,85,16,0,43 21 49,0,607,,86,16,0,43 13 44 45 46,0
96101,'6706020c382341356e26',839,,88,29,0,43 21 49,0,372,,89,30,0,43 21 49,0,298,,90,29,0,43 21 49,0,530,,87,29,0,43 21 49,0
96101,'734c3e1b1c1138406a07',839,,92,29,0,43 21 49,0,97,,96,23,0,43 21 49,0,275,,93,30,0,43 21 49,0,298,,94,29,0,43 21 49,0,321,,95,25,0,43 21 49,0,209,,91,29,0,43 21 49,0
96601,'734c3e1b1c1138406a07',725,,216,10,0,43 21 49,0,200,,217,10,0,43 21 49,0,520,,218,10,0,43 21 49,0,370,,219,10,0,43 21 49,0,35,,220,10,0,43 21 49,0
96701,'734c3e1b1c1138406a07',741,,227,16,4,,0,104,,228,16,4,,0,356,,229,14,4,,0,624,,231,21,4,,0
