96000,6511511,1,0,0
96000,6554147,2,0,0
96000,6513649,3,0,0
96000,6569483,4,0,0
96000,6511510,5,0,0
96000,6513887,6,0,0
96000,6511848,7,0,0
96000,6512511,8,0,0
96000,6512044,9,0,0
96000,6514893,10,0,0
96000,6511110,11,0,0
96000,6513888,12,0,0
96000,6512045,13,0,0
96000,6512584,14,0,0
96000,6516954,15,0,0
96000,6513878,16,0,0
96000,6516956,17,0,0
96000,6513879,18,0,0
96000,6513880,19,0,0
96000,6516790,20,0,0
96000,6513881,21,0,0
96000,6513648,22,0,0
96000,6512487,23,0,0
96000,6511711,24,0,0
96000,6511399,25,0,0
96000,6511712,26,0,0
96000,6516793,27,0,0
96000,6514935,28,0,0
96000,6513675,29,0,0
96000,6510039,30,0,0
96000,6513992,31,0,0
96000,6512508,32,0,0
96000,6510223,33,0,0
96000,6510224,34,0,0
96000,6510240,35,0,0
96000,6512043,36,0,0
96000,6510249,37,0,0
96000,6511877,38,0,0
96000,6512094,39,0,0
96000,6512093,40,1,1
96001,6515092,1,0,0
96001,6516889,2,0,0
96001,6516888,3,0,0
96001,6515091,4,0,0
96001,6515089,5,0,0
96001,6515088,6,0,0
96001,6515087,7,0,0
96001,6515086,8,0,0
96001,6516791,9,0,0
96001,6515085,10,0,0
96001,6515084,11,0,0
96001,6516957,12,0,0
96001,6515083,13,0,0
96001,6516955,14,0,0
96001,6515082,15,0,0
96001,6515081,16,0,0
96001,6515080,17,0,0
96001,6515079,18,0,0
96001,6515078,19,0,0
96001,6515077,20,0,0
96001,6515076,21,0,0
96001,6515075,22,0,0
96001,6515074,23,0,0
96001,6515188,24,1,1
96001,6569622,25,0,0
96001,6515072,26,0,0
96001,6515067,27,0,0
96001,6515069,28,0,0
96001,6515107,29,0,0
96001,6515106,30,0,0
96001,6515105,31,0,0
96001,6515104,32,0,0
96001,6515103,33,0,0
96001,6515102,34,0,0
96001,6516794,35,0,0
96001,6515101,36,0,0
96001,6515100,37,0,0
96001,6515099,38,0,0
96001,6515098,39,0,0
96001,6515068,40,1,1
96100,6511510,1,0,0
96100,6554147,2,0,0
96100,6515347,3,0,0
96100,6511511,4,0,0
96100,6514592,5,0,0
96100,6514603,6,0,0
96100,6511732,7,0,0
96100,6512565,8,0,0
96100,6510014,9,0,0
96100,6513279,10,0,0
96100,6513435,11,0,0
96100,6513922,12,0,0
96100,6511733,13,0,0
96100,6511626,14,0,0
96100,6512443,15,0,0
96100,6513655,16,0,0
96100,6511195,17,0,0
96100,6511734,18,0,0
96100,6511083,19,0,0
96100,6511079,20,0,0
96100,6511077,21,0,0
96100,3201723,22,0,0
96100,6510554,23,0,0
96100,6511477,24,0,0
96100,6515008,25,0,0
96100,6512395,26,0,0
96100,6510531,27,0,0
96100,6513660,28,0,0
96100,6511042,29,0,0
96100,6513661,30,0,0
96100,3201617,31,0,0
96100,3214929,32,0,0
96100,3211738,33,0,0
96100,3213265,34,1,1
96100,3214926,35,0,0
96100,3214574,36,0,0
96100,3214576,37,0,0
96100,3201967,38,0,0
96100,3201968,39,0,0
96100,6514580,40,0,0
96100,6514582,41,0,0
96100,6514928,42,1,1
96100,6512411,43,0,0
96100,6515526,44,1,1
96100,6515501,45,1,1
96101,6515145,1,0,0
96101,6515143,2,0,0
96101,6515142,3,0,0
96101,3201968,4,0,0
96101,3287000,5,0,0
96101,3215138,6,0,0
96101,3215137,7,0,0
96101,3215136,8,0,0
96101,3215135,9,0,0
96101,3215134,10,0,0
96101,3201617,11,0,0
96101,3201723,12,0,0
96101,6515374,13,0,0
96101,6515201,14,0,0
96101,6515132,15,0,0
96101,6515129,16,0,0
96101,6515130,17,0,0
96101,6515131,18,0,0
96101,6515128,19,0,0
96101,3213265,20,0,0
96101,6515127,21,0,0
96101,6515126,22,0,0
96101,6515125,23,0,0
96101,6515123,24,0,0
96101,6515122,25,0,0
96101,6515121,26,0,0
96101,6515120,27,0,0
96101,6515119,28,0,0
96101,6515118,29,0,0
96101,6515117,30,0,0
96101,6510123,31,0,0
96101,6512411,32,0,0
96101,6513922,33,0,0
96101,6515115,34,0,0
96101,6515114,35,0,0
96101,6515113,36,0,0
96101,6515112,37,0,0
96101,6515515,38,0,0
96101,6515111,39,0,0
96101,6515109,40,0,0
96101,6515187,41,0,0
96101,6515068,42,0,0
96101,6515069,43,0,0
96101,6515188,44,1,1
96200,6510992,1,0,0
96200,6516932,2,0,0
96200,6510998,3,0,0
96200,6510991,4,0,0
96200,6512031,5,0,0
96200,6510974,6,0,0
96200,6512546,7,0,0
96200,6510925,8,0,0
96200,6512387,9,0,0
96200,6510917,10,0,0
96200,6510055,11,0,0
96200,6513177,12,0,0
96200,6512563,13,0,0
96200,6510961,14,0,0
96200,6511152,15,0,0
96200,6513879,16,0,0
96200,6513880,17,0,0
96200,6513648,18,0,0
96200,6510240,19,0,0
96200,6512043,20,0,0
96200,6510249,21,1,1
96200,6516965,22,0,0
96200,6511877,23,0,0
96200,6512094,24,0,0
96200,6512093,25,0,0
96200,6510466,26,0,0
96200,6510457,27,0,0
96200,6516967,28,0,0
96200,6515096,29,1,1
96201,6515097,1,0,0
96201,6516968,2,0,0
96201,6516892,3,0,0
96201,6510466,4,0,0
96201,6515092,5,0,0
96201,6516889,6,0,0
96201,6516888,7,0,0
96201,6515091,8,0,0
96201,6515089,9,0,0
96201,6515088,10,0,0
96201,6515087,11,0,0
96201,6515085,12,0,0
96201,6515084,13,0,0
96201,6515159,14,0,0
96201,6515158,15,0,0
96201,6515156,16,0,0
96201,6515154,17,0,0
96201,6515153,18,0,0
96201,6515222,19,0,0
96201,6515152,20,0,0
96201,6515151,21,0,0
96201,6515147,22,0,0
96201,6515148,23,0,0
96201,6510979,24,0,0
96201,6515146,25,0,0
96201,6515049,26,0,0
96201,6516932,27,0,0
96201,6515048,28,1,1
96300,6510876,1,0,0
96300,6510882,2,0,0
96300,6515639,3,0,0
96300,6515640,4,0,0
96300,6515641,5,0,0
96300,6511671,6,0,0
96300,6512960,7,0,0
96300,6514697,8,0,0
96300,6510799,9,0,0
96300,6510800,10,0,0
96300,6516244,11,0,0
96300,6511704,12,0,0
96300,6511705,13,0,0
96300,6514932,14,0,0
96300,6511702,15,0,0
96300,6516242,16,0,0
96300,6510754,17,0,0
96300,6513224,18,0,0
96300,6512576,19,0,0
96300,6513903,20,0,0
96300,6511700,21,0,0
96300,6514586,22,0,0
96300,6511698,23,0,0
96300,6515225,24,0,0
96300,6512482,25,0,0
96300,6512483,26,0,0
96300,6513861,27,0,0
96300,6512485,28,0,0
96300,6511697,29,0,0
96300,6511696,30,0,0
96300,6513235,31,1,1
96301,6515183,1,0,0
96301,6515181,2,0,0
96301,6515180,3,0,0
96301,6515179,4,0,0
96301,6515177,5,0,0
96301,6515176,6,0,0
96301,6515175,7,0,0
96301,6515225,8,0,0
96301,6515174,9,0,0
96301,6515173,10,0,0
96301,6515172,11,0,0
96301,6515171,12,0,0
96301,6515170,13,0,0
96301,6515169,14,0,0
96301,6515168,15,0,0
96301,6516243,16,0,0
96301,6515167,17,0,0
96301,6515165,18,0,0
96301,6511703,19,0,0
96301,6515164,20,0,0
96301,6516245,21,0,0
96301,6516830,22,0,0
96301,6515162,23,0,0
96301,6515163,24,0,0
96301,6515224,25,0,0
96301,6515161,26,0,0
96301,6514688,27,0,0
96301,6513141,28,0,0
96301,6514698,29,0,0
96301,6515638,30,0,0
96301,6515226,31,1,1
96500,6510992,1,0,0
96500,6510991,2,0,0
96500,6512547,3,0,0
96500,6512028,4,0,0
96500,6513854,5,0,0
96500,6513306,6,0,0
96500,6513304,7,0,0
96500,6513305,8,0,0
96500,6513851,9,0,0
96500,6511745,10,0,0
96500,6513852,11,0,0
96500,6510079,12,0,0
96500,6513337,13,0,0
96500,6513849,14,0,0
96500,6511746,15,0,0
96500,6513848,16,0,0
96500,6513847,17,0,0
96500,6511277,18,0,0
96500,6511747,19,0,0
96500,6512029,20,0,0
96500,6514960,21,0,0
96500,6514049,22,0,0
96500,6513856,23,0,0
96500,6513857,24,0,0
96500,6513846,25,0,0
96500,6513866,26,0,0
96500,6514601,27,0,0
96500,6514600,28,0,0
96500,6513845,29,1,1
96500,6510695,30,0,0
96500,6510694,31,0,0
96500,6513356,32,1,1
96500,6514457,33,1,1
96501,6515021,1,0,0
96501,6515022,2,0,0
96501,6515023,3,0,0
96501,6515017,4,0,0
96501,6515019,5,0,0
96501,6515020,6,0,0
96501,6515024,7,0,0
96501,6515025,8,0,0
96501,6515026,9,0,0
96501,6515027,10,0,0
96501,6515028,11,0,0
96501,6515029,12,0,0
96501,6515011,13,0,0
96501,6515030,14,0,0
96501,6515031,15,0,0
96501,6515032,16,0,0
96501,6515033,17,0,0
96501,6515034,18,0,0
96501,6515035,19,0,0
96501,6515036,20,0,0
96501,6515037,21,0,0
96501,6515038,22,0,0
96501,6515039,23,0,0
96501,6515040,24,0,0
96501,6515041,25,0,0
96501,6515042,26,0,0
96501,6515043,27,0,0
96501,6515044,28,0,0
96501,6515045,29,0,0
96501,6515046,30,0,0
96501,6515047,31,0,0
96501,6515048,32,0,0
96501,6515049,33,0,0
96501,6515148,34,1,1
96600,6511525,1,0,0
96600,6511511,2,0,0
96600,6512104,3,0,0
96600,6511808,4,0,0
96600,6514583,5,0,0
96600,6514584,6,0,0
96600,6511810,7,0,0
96600,6513467,8,0,0
96600,6511821,9,0,0
96600,6511819,10,0,0
96600,6511806,11,1,1
96601,6515200,1,0,0
96601,6515199,2,0,0
96601,6515198,3,0,0
96601,6515196,4,0,0
96601,6515195,5,0,0
96601,6515194,6,0,0
96601,6515193,7,0,0
96601,6515192,8,0,0
96601,6515204,9,0,0
96601,6515068,10,0,0
96601,6515069,11,1,1
96700,6511511,1,0,0
96700,6554147,2,0,0
96700,6511510,3,0,0
96700,6511525,4,0,0
96700,6510278,5,0,0
96700,6512486,6,0,0
96700,6510927,7,0,0
96700,6513892,8,0,0
96700,6511722,9,0,0
96700,6512901,10,0,0
96700,6514252,11,0,0
96700,6510869,12,0,0
96700,6512889,13,0,0
96700,6514938,14,0,0
96700,6514939,15,0,0
96700,6510510,16,0,0
96700,6512146,17,0,0
96700,6510514,18,0,0
96700,6510513,19,0,0
96700,6513895,20,0,0
96700,6511670,21,0,0
96700,6514940,22,0,0
96700,6511671,23,0,0
96700,6510882,24,0,0
96700,6510876,25,0,0
96701,6515638,1,0,0
96701,6515161,2,0,0
96701,6515226,3,0,0
96701,6515191,4,0,0
96701,6516011,5,0,0
96701,6515190,6,0,0
96701,6516018,7,0,0
96701,6516017,8,0,0
96701,6516016,9,0,0
96701,6515189,10,0,0
96701,6516003,11,0,0
96701,6515186,12,0,0
96701,6515185,13,0,0
96701,6515643,14,0,0
96701,6515612,15,0,0
96701,6515610,16,0,0
96701,6515642,17,0,0
96701,6515609,18,0,0
96701,6515608,19,0,0
96701,6515607,20,0,0
96701,6515606,21,0,0
96701,6515605,22,0,0
96701,6515188,23,0,0
96701,6515067,24,0,0
96701,6515069,25,0,0
96701,6515068,26,1,1
