96000,'02070559307629202a09',1024,,1,11,0,5 41 13 14,0
96000,'0a2f1e22095132130163',1744,,2,8,0,5 6 7 8,0,100,,3,8,0,47 48,0
96000,'1c2e3625233d01453772',824,,237,11,0,5 42,0,185,,238,11,0,5 42,0,235,,239,11,0,5 42,0,85,,240,11,0,5 42,0,225,,233,11,0,5 42,0,185,,234,11,0,5 42,0,105,,235,11,0,5 42,0,110,,236,11,0,5 42,0
96000,'1f5759673f12020b0a50',1024,,241,11,0,5 42,0
96000,'2a08755845643968295b',714,,4,11,0,5 42,0
96000,'2a5b3362091f52630354',714,,5,11,0,5 6 7 8,0,195,,8,11,0,5 6 7 8,0
96000,'2c295b0e5f4444502b59',814,,11,11,0,5 41 13 14,0,430,,9,11,0,5 41 13 14,0,510,,10,11,0,5 42,0
96000,'31744f7e5638320a2d4c',1244,,242,8,0,47 48,0
96000,'4d7a6615443531084902',824,,19,11,0,5 42,0,185,,20,11,0,5 42,0,235,,12,11,0,5 42,0,85,,13,11,0,5 42,0,225,,14,11,0,5 42,0,80,,15,11,0,5 42,0,105,,16,11,0,5 42,0,105,,17,11,0,5 42,0,110,,18,11,0,5 42,0
96000,'59737b0d0f044b52693e',714,,243,11,0,5 42,0
96000,'725616403949496a5c67',1244,,21,8,0,47 48,0
96000,'7a7c2673351c18595c18',814,,244,11,0,5 42,0,430,,245,11,0,5 42,0,510,,246,11,0,5 42,0
96000,'7f443a14596255477616',714,,250,11,0,5 6 7 8,0,195,,252,11,0,5 6 7 8,0,725,,247,11,0,5 42,0,110,,248,8,0,5 6 7 8,0,100,,249,8,0,47 48,0
