96000,'0a2f1e22095132130163',1730,,2,1,0,5 6 7 8,0,100,,3,1,0,47 48,0
96000,'31744f7e5638320a2d4c',1230,,242,1,0,47 48,0
96000,'725616403949496a5c67',1230,,21,1,0,47 48,0
96000,'7f443a14596255477616',1730,,248,1,0,5 6 7 8,0,100,,249,1,0,47 48,0
96100,'26316a4c147077516358',1725,,51,1,0,20 21 22,0,100,,52,1,0,32 33,0
96100,'31744f7e5638320a2d4c',1225,,284,1,0,70 13 71,0,10,,285,1,0,32 33,0
96100,'553d275f1455102c362a',1725,,291,1,0,20 21 22,0,100,,292,1,0,32 33,0
96100,'57250a1f2855612e2d17',1225,,54,1,0,20 21 22,0,10,,55,1,0,32 33,0
96100,'62061874353c664e5006',1825,,58,1,0,17 18 19,0
96700,'734c3e1b1c1138406a07',726,,222,1,0,12 13 14,0,494,,224,3,0,12 13 14,0,500,,225,3,0,12 6 15,0,115,,226,3,0,12 13 14,0
