96101,'184134507f4517151633',648,,297,8,0,43 21 49,0
96101,'1a2d50186c1c71632610',1352,,71,10,0,43 21 49,0
96101,'1c2e3625233d01453772',744,,302,17,0,43 21 49,0,103,,303,4,0,43 21 49,0,291,,304,16,0,43 21 49,0,219,,298,19,0,43 21 49,0,292,,299,17,0,43 21 49,0,66,,300,9,0,43 21 49,0,34,,301,10,0,43 21 49,0
96101,'1f06603d1d7b4f2e4171',1430,,73,17,0,43 21 49,0,500,,72,17,0,43 21 49,0
96101,'1f5759673f12020b0a50',744,,305,17,0,43 21 49,0,404,,306,8,0,43 21 49,0,501,,307,17,0,43 21 49,0,66,,308,9,0,43 21 49,0
96101,'207e270d054b176b5d33',655,,74,6,0,43 21 49,0
96101,'3823594e52252d7f6b14',1844,,311,17,0,43 21 49,0
96101,'41451b6a44727b403b38',156,,78,6,0,43 21 49,0
96101,'62061874353c664e5006',642,,83,9,0,43 13 44 45 46,0,3,,82,6,0,43 13 44 45 46,0,405,,85,4,0,43 21 49,0,607,,86,4,0,43 13 44 45 46,0
96101,'6706020c382341356e26',800,,88,17,0,43 21 49,0,332,,89,18,0,43 21 49,0,298,,90,17,0,43 21 49,0,570,,87,17,0,43 21 49,0
96101,'700e3c046b76752b6946',1802,,314,18,0,43 21 49,0
96101,'734c3e1b1c1138406a07',800,,92,17,0,43 21 49,0,59,,96,11,0,43 21 49,0,273,,93,18,0,43 21 49,0,298,,94,17,0,43 21 49,0,323,,95,13,0,43 21 49,0,247,,91,17,0,43 21 49,0
96101,'7f443a14596255477616',642,,315,9,0,43 13 44 45 46,0,6,,316,8,0,43 13 44 45 46,0
