96000,'02070559307629202a09',1015,,1,5,0,5 41 13 14,0
96000,'0a2f1e22095132130163',1735,,2,2,0,5 6 7 8,0,100,,3,2,0,47 48,0
96000,'1c2e3625233d01453772',815,,237,5,0,5 42,0,185,,238,5,0,5 42,0,235,,239,5,0,5 42,0,85,,240,5,0,5 42,0,225,,233,5,0,5 42,0,185,,234,5,0,5 42,0,105,,235,5,0,5 42,0,110,,236,5,0,5 42,0
96000,'1f5759673f12020b0a50',1015,,241,5,0,5 42,0
96000,'2a08755845643968295b',705,,4,5,0,5 42,0
96000,'2a5b3362091f52630354',705,,5,5,0,5 6 7 8,0,195,,8,5,0,5 6 7 8,0
96000,'2c295b0e5f4444502b59',805,,11,5,0,5 41 13 14,0,430,,9,5,0,5 41 13 14,0,510,,10,5,0,5 42,0
96000,'31744f7e5638320a2d4c',1235,,242,2,0,47 48,0
96000,'4d7a6615443531084902',815,,19,5,0,5 42,0,185,,20,5,0,5 42,0,235,,12,5,0,5 42,0,85,,13,5,0,5 42,0,225,,14,5,0,5 42,0,80,,15,5,0,5 42,0,105,,16,5,0,5 42,0,105,,17,5,0,5 42,0,110,,18,5,0,5 42,0
96000,'59737b0d0f044b52693e',705,,243,5,0,5 42,0
96000,'725616403949496a5c67',1235,,21,2,0,47 48,0
96000,'7a7c2673351c18595c18',805,,244,5,0,5 42,0,430,,245,5,0,5 42,0,510,,246,5,0,5 42,0
96000,'7f443a14596255477616',705,,250,5,0,5 6 7 8,0,195,,252,5,0,5 6 7 8,0,725,,247,5,0,5 42,0,110,,248,2,0,5 6 7 8,0,100,,249,2,0,47 48,0
