96001,'02070559307629202a09',924,,22,20,0,43 13 14,0
96001,'063e0e696b51092e1125',1249,,23,20,0,43 13 14,0
96001,'0a2f1e22095132130163',1604,,24,21,0,43 13 14,0,50,,25,23,0,43 13 14,0,100,,26,23,0,43 13 14,0,5,,28,21,0,43 13 14,0,145,,30,23,0,43 13 14,0
96001,'2a5b3362091f52630354',844,,32,20,0,43 13 14,0,405,,33,21,0,43 13 14,0
96001,'2c295b0e5f4444502b59',1159,,36,20,0,43 13 14,0,365,,34,20,0,43 13 14,0,330,,35,20,0,43 13 14,0
96001,'2c3d7478417b2a41516b',1759,,37,20,0,43 13 14,0,145,,38,20,0,43 13 14,0
96001,'4d7a6615443531084902',729,,40,20,0,43 13 14,0,103,,41,20,0,43 13 14,0,87,,42,20,0,43 13 14,0,285,,43,20,0,43 13 14,0,205,,39,20,0,43 13 14,0
96001,'725616403949496a5c67',1254,,44,23,0,43 13 14,0
96001,'767417067c1f4f372263',1654,,46,20,0,43 13 14,0
96701,'734c3e1b1c1138406a07',842,,228,15,0,43 13 14,0
