96001,'02070559307629202a09',922,,22,19,0,43 13 14,0
96001,'063e0e696b51092e1125',1247,,23,19,0,43 13 14,0
96001,'0a2f1e22095132130163',1602,,24,20,0,43 13 14,0,50,,25,22,0,43 13 14,0,100,,26,22,0,43 13 14,0,5,,28,20,0,43 13 14,0,145,,30,22,0,43 13 14,0
96001,'1c2e3625233d01453772',727,,254,19,0,43 13 14,0,103,,255,19,0,43 13 14,0,97,,256,19,0,43 13 14,0,275,,257,19,0,43 13 14,0,205,,258,19,0,43 13 14,0,550,,253,19,0,43 13 14,0
96001,'1f5759673f12020b0a50',922,,259,19,0,43 13 14,0
96001,'2a5b3362091f52630354',842,,32,19,0,43 13 14,0,405,,33,20,0,43 13 14,0
96001,'2c295b0e5f4444502b59',1157,,36,19,0,43 13 14,0,365,,34,19,0,43 13 14,0,330,,35,19,0,43 13 14,0
96001,'2c3d7478417b2a41516b',1757,,37,19,0,43 13 14,0,145,,38,19,0,43 13 14,0
96001,'31744f7e5638320a2d4c',1247,,261,20,0,43 13 14,0
96001,'470c2b026954373b2a2c',1657,,262,19,0,43 13 14,0,100,,263,19,0,43 13 14,0,145,,264,19,0,43 13 14,0
96001,'4d7a6615443531084902',727,,40,19,0,43 13 14,0,103,,41,19,0,43 13 14,0,87,,42,19,0,43 13 14,0,285,,43,19,0,43 13 14,0,205,,39,19,0,43 13 14,0
96001,'553d275f1455102c362a',1247,,269,19,0,43 13 14,0,408,,265,20,0,43 13 14,0,97,,266,22,0,43 13 14,0,5,,267,20,0,43 13 14,0,143,,268,20,0,43 13 14,0
96001,'725616403949496a5c67',1252,,44,22,0,43 13 14,0
96001,'767417067c1f4f372263',1652,,46,19,0,43 13 14,0
96001,'7a7c2673351c18595c18',1157,,270,19,0,43 13 14,0,365,,271,19,0,43 13 14,0,330,,272,19,0,43 13 14,0
