96000,'02070559307629202a09',1018,,1,7,0,5 41 13 14,0
96000,'0a2f1e22095132130163',1738,,2,4,0,5 6 7 8,0,100,,3,4,0,47 48,0
96000,'1c2e3625233d01453772',818,,237,7,0,5 42,0,185,,238,7,0,5 42,0,235,,239,7,0,5 42,0,85,,240,7,0,5 42,0,225,,233,7,0,5 42,0,185,,234,7,0,5 42,0,105,,235,7,0,5 42,0,110,,236,7,0,5 42,0
96000,'1f5759673f12020b0a50',1018,,241,7,0,5 42,0
96000,'2a08755845643968295b',708,,4,7,0,5 42,0
96000,'2a5b3362091f52630354',708,,5,7,0,5 6 7 8,0,195,,8,7,0,5 6 7 8,0
96000,'2c295b0e5f4444502b59',808,,11,7,0,5 41 13 14,0,430,,9,7,0,5 41 13 14,0,510,,10,7,0,5 42,0
96000,'31744f7e5638320a2d4c',1238,,242,4,0,47 48,0
96000,'4d7a6615443531084902',818,,19,7,0,5 42,0,185,,20,7,0,5 42,0,235,,12,7,0,5 42,0,85,,13,7,0,5 42,0,225,,14,7,0,5 42,0,80,,15,7,0,5 42,0,105,,16,7,0,5 42,0,105,,17,7,0,5 42,0,110,,18,7,0,5 42,0
96000,'59737b0d0f044b52693e',708,,243,7,0,5 42,0
96000,'725616403949496a5c67',1238,,21,4,0,47 48,0
96000,'7a7c2673351c18595c18',808,,244,7,0,5 42,0,430,,245,7,0,5 42,0,510,,246,7,0,5 42,0
96000,'7f443a14596255477616',708,,250,7,0,5 6 7 8,0,195,,252,7,0,5 6 7 8,0,725,,247,7,0,5 42,0,110,,248,4,0,5 6 7 8,0,100,,249,4,0,47 48,0
