96100,'0e5131610429337c0530',856,,274,7,0,25 6 26 27,0
96100,'1c2e3625233d01453772',732,,277,9,0,70 13 71,0,85,,278,9,0,70 13 71,0,810,,275,9,0,20 21 22,0,180,,276,9,0,70 13 71,0
96100,'1f06603d1d7b4f2e4171',1412,,47,9,0,16 14,0,230,,48,9,0,16 14,0
96100,'1f5759673f12020b0a50',1012,,280,9,0,70 13 71,0,295,,281,9,0,72 73,0,500,,282,9,0,70 13 71,0,50,,283,9,0,72 73,0
96100,'207e270d054b176b5d33',1752,,50,9,0,16 14,0,95,,49,9,0,17 18 19,0
96100,'26316a4c147077516358',1802,,51,10,0,20 21 22,0,50,,52,8,0,32 33,0
96100,'31744f7e5638320a2d4c',1257,,284,10,0,70 13 71,0,45,,285,8,0,32 33,0
96100,'3823594e52252d7f6b14',1612,,287,9,0,70 13 71,0
96100,'456e647057623f581d57',1257,,289,9,0,70 13 71,0,90,,288,9,0,72 73,0
96100,'470c2b026954373b2a2c',1857,,290,9,0,72 73,0
96100,'51690127300c691c172c',842,,53,9,0,23 24,0
96100,'553d275f1455102c362a',1757,,291,10,0,20 21 22,0,95,,292,8,0,32 33,0,5,,293,10,0,72 73,0
96100,'57250a1f2855612e2d17',1302,,55,8,0,32 33,0
96100,'62061874353c664e5006',728,,57,3,0,34 35 36,0,114,,59,9,0,25 6 26 27,0,960,,60,9,0,16 14,0,100,,58,10,0,17 18 19,0
96100,'6706020c382341356e26',637,,61,9,0,16 14,0,385,,62,9,0,16 14,0,280,,63,9,0,16 14,0,450,,64,9,0,16 14,0
96100,'700e3c046b76752b6946',2057,,294,9,0,16 14,0
96100,'734c3e1b1c1138406a07',637,,67,9,0,16 14,0,95,,65,9,0,28 29,0,290,,68,9,0,16 14,0,280,,69,9,0,16 14,0,320,,66,9,0,20 30 31,0
96100,'7f443a14596255477616',728,,295,3,0,34 35 36,0
