96001,'02070559307629202a09',902,,22,10,0,43 13 14,0
96001,'063e0e696b51092e1125',1227,,23,10,0,43 13 14,0
96001,'0a2f1e22095132130163',1542,,24,11,0,43 13 14,0,90,,25,13,0,43 13 14,0,100,,26,13,0,43 13 14,0,5,,28,11,0,43 13 14,0,105,,30,13,0,43 13 14,0
96001,'1c2e3625233d01453772',707,,254,10,0,43 13 14,0,103,,255,10,0,43 13 14,0,97,,256,10,0,43 13 14,0,235,,257,10,0,43 13 14,0,205,,258,10,0,43 13 14,0,590,,253,10,0,43 13 14,0
96001,'1f5759673f12020b0a50',902,,259,10,0,43 13 14,0
96001,'2a5b3362091f52630354',712,,31,13,0,43 13 44 45 46,0,110,,32,10,0,43 13 14,0,405,,33,11,0,43 13 14,0
96001,'2c295b0e5f4444502b59',1137,,36,10,0,43 13 14,0,365,,34,10,0,43 13 14,0,330,,35,10,0,43 13 14,0
96001,'2c3d7478417b2a41516b',1737,,37,10,0,43 13 14,0,105,,38,10,0,43 13 14,0
96001,'31744f7e5638320a2d4c',1227,,261,11,0,43 13 14,0
96001,'470c2b026954373b2a2c',1637,,262,10,0,43 13 14,0,100,,263,10,0,43 13 14,0,105,,264,10,0,43 13 14,0
96001,'4d7a6615443531084902',707,,40,10,0,43 13 14,0,103,,41,10,0,43 13 14,0,47,,42,10,0,43 13 14,0,285,,43,10,0,43 13 14,0,205,,39,10,0,43 13 14,0
96001,'553d275f1455102c362a',1227,,269,10,0,43 13 14,0,408,,265,11,0,43 13 14,0,97,,266,13,0,43 13 14,0,5,,267,11,0,43 13 14,0,103,,268,11,0,43 13 14,0
96001,'725616403949496a5c67',1232,,44,13,0,43 13 14,0
96001,'767417067c1f4f372263',1632,,46,10,0,43 13 14,0
96001,'7a7c2673351c18595c18',1137,,270,10,0,43 13 14,0,365,,271,10,0,43 13 14,0,330,,272,10,0,43 13 14,0
96001,'7f443a14596255477616',712,,273,13,0,43 13 44 45 46,0
