96001,'02070559307629202a09',854,,22,7,0,43 13 14,0
96001,'063e0e696b51092e1125',1219,,23,7,0,43 13 14,0
96001,'0a2f1e22095132130163',1534,,24,8,0,43 13 14,0,90,,25,8,0,43 13 14,0,100,,26,8,0,43 13 14,0,5,,28,8,0,43 13 14,0,105,,30,8,0,43 13 14,0
96001,'2a5b3362091f52630354',704,,31,10,0,43 13 44 45 46,0,110,,32,7,0,43 13 14,0,405,,33,8,0,43 13 14,0
96001,'2c295b0e5f4444502b59',1129,,36,7,0,43 13 14,0,325,,34,7,0,43 13 14,0,370,,35,7,0,43 13 14,0
96001,'2c3d7478417b2a41516b',1729,,37,7,0,43 13 14,0,105,,38,7,0,43 13 14,0
96001,'4d7a6615443531084902',659,,40,7,0,43 13 14,0,142,,41,7,0,43 13 14,0,47,,42,7,0,43 13 14,0,286,,43,7,0,43 13 14,0,205,,39,7,0,43 13 14,0
96001,'725616403949496a5c67',1224,,44,8,0,43 13 14,0
96001,'767417067c1f4f372263',1624,,46,7,0,43 13 14,0
96201,'02070559307629202a09',852,,114,5,0,50 13 44,0
96201,'0a2f1e22095132130163',1717,,116,6,0,50 13 44,0,102,,115,6,0,50 13 44,0
96201,'2a08755845643968295b',852,,117,5,0,50 13 44,0
96201,'2a5b3362091f52630354',702,,118,5,0,50 13 44,0,105,,119,5,0,50 13 44,0
96201,'2c295b0e5f4444502b59',1402,,121,5,0,50 13 44,0,417,,120,5,0,50 13 44,0
96201,'2c3d7478417b2a41516b',1819,,125,5,0,50 13 44,0
96201,'4d7a6615443531084902',1402,,126,5,0,50 13 44,0
96201,'725616403949496a5c67',1222,,131,6,0,50 13 44,0,495,,130,5,0,50 13 44,0
