96001,'02070559307629202a09',849,,22,4,0,43 13 14,0
96001,'063e0e696b51092e1125',1214,,23,4,0,43 13 14,0
96001,'0a2f1e22095132130163',1529,,24,5,0,43 13 14,0,90,,25,5,0,43 13 14,0,100,,26,5,0,43 13 14,0,5,,28,5,0,43 13 14,0,105,,30,5,0,43 13 14,0
96001,'1c2e3625233d01453772',654,,254,4,0,43 13 14,0,103,,255,4,0,43 13 14,0,97,,256,4,0,43 13 14,0,275,,257,4,0,43 13 14,0,205,,258,4,0,43 13 14,0,590,,253,4,0,43 13 14,0
96001,'1f5759673f12020b0a50',849,,259,4,0,43 13 14,0
96001,'2a5b3362091f52630354',659,,31,7,0,43 13 44 45 46,0,150,,32,4,0,43 13 14,0,405,,33,5,0,43 13 14,0
96001,'2c295b0e5f4444502b59',1124,,36,4,0,43 13 14,0,325,,34,4,0,43 13 14,0,370,,35,4,0,43 13 14,0
96001,'2c3d7478417b2a41516b',1724,,37,4,0,43 13 14,0,105,,38,4,0,43 13 14,0
96001,'31744f7e5638320a2d4c',1214,,261,5,0,43 13 14,0
96001,'470c2b026954373b2a2c',1624,,262,4,0,43 13 14,0,100,,263,4,0,43 13 14,0,105,,264,4,0,43 13 14,0
96001,'4d7a6615443531084902',654,,40,4,0,43 13 14,0,102,,41,4,0,43 13 14,0,87,,42,4,0,43 13 14,0,286,,43,4,0,43 13 14,0,205,,39,4,0,43 13 14,0
96001,'553d275f1455102c362a',1214,,269,4,0,43 13 14,0,410,,265,5,0,43 13 14,0,95,,266,5,0,43 13 14,0,5,,267,5,0,43 13 14,0,105,,268,5,0,43 13 14,0
96001,'725616403949496a5c67',1219,,44,5,0,43 13 14,0
96001,'767417067c1f4f372263',1619,,46,4,0,43 13 14,0
96001,'7a7c2673351c18595c18',1124,,270,4,0,43 13 14,0,325,,271,4,0,43 13 14,0,370,,272,4,0,43 13 14,0
96001,'7f443a14596255477616',659,,273,7,0,43 13 44 45 46,0
