96101,'184134507f4517151633',718,,297,18,0,43 21 49,0
96101,'1a2d50186c1c71632610',1420,,71,20,0,43 21 49,0
96101,'1c2e3625233d01453772',814,,302,27,0,43 21 49,0,103,,303,14,0,43 21 49,0,291,,304,26,0,43 21 49,0,219,,298,29,0,43 21 49,0,292,,299,27,0,43 21 49,0,26,,300,19,0,43 21 49,0,74,,301,20,0,43 21 49,0
96101,'1f06603d1d7b4f2e4171',1500,,73,27,0,43 21 49,0,500,,72,27,0,43 21 49,0
96101,'1f5759673f12020b0a50',814,,305,27,0,43 21 49,0,404,,306,18,0,43 21 49,0,501,,307,27,0,43 21 49,0,26,,308,19,0,43 21 49,0
96101,'207e270d054b176b5d33',723,,74,16,0,43 21 49,0
96101,'26316a4c147077516358',1741,,75,3,0,43 13 44 45 46,0
96101,'31744f7e5638320a2d4c',1246,,310,8,0,43 13 44 45 46,0
96101,'3823594e52252d7f6b14',1914,,311,27,0,43 21 49,0
96101,'41451b6a44727b403b38',226,,78,16,0,43 21 49,0
96101,'553d275f1455102c362a',1746,,313,8,0,43 13 44 45 46,0
96101,'57250a1f2855612e2d17',1241,,79,3,0,43 13 44 45 46,0
96101,'62061874353c664e5006',713,,82,16,0,43 13 44 45 46,0,2,,83,18,0,43 13 44 45 46,0,3,,84,9,0,43 13 44 45 46,0,400,,85,14,0,43 21 49,0,607,,86,14,0,43 13 44 45 46,0
96101,'6706020c382341356e26',830,,88,27,0,43 21 49,0,372,,89,28,0,43 21 49,0,298,,90,27,0,43 21 49,0,530,,87,27,0,43 21 49,0
96101,'700e3c046b76752b6946',1832,,314,28,0,43 21 49,0
96101,'734c3e1b1c1138406a07',830,,92,27,0,43 21 49,0,97,,96,21,0,43 21 49,0,275,,93,28,0,43 21 49,0,298,,94,27,0,43 21 49,0,321,,95,23,0,43 21 49,0,209,,91,27,0,43 21 49,0
96101,'7f443a14596255477616',712,,315,19,0,43 13 44 45 46,0,6,,317,9,0,43 13 44 45 46,0
