96101,'184134507f4517151633',639,,297,4,0,43 21 49,0
96101,'1c2e3625233d01453772',1129,,304,12,0,43 21 49,0,577,,300,5,0,43 21 49,0
96101,'1f06603d1d7b4f2e4171',1421,,73,13,0,43 21 49,0,500,,72,13,0,43 21 49,0
96101,'1f5759673f12020b0a50',1139,,306,4,0,43 21 49,0,567,,308,5,0,43 21 49,0
96101,'207e270d054b176b5d33',648,,74,2,0,43 21 49,0
96101,'41451b6a44727b403b38',147,,78,2,0,43 21 49,0
96101,'62061874353c664e5006',633,,82,2,0,43 13 44 45 46,0
96101,'6706020c382341356e26',751,,88,13,0,43 21 49,0,670,,90,13,0,43 21 49,0,530,,87,13,0,43 21 49,0
96101,'734c3e1b1c1138406a07',751,,92,13,0,43 21 49,0,670,,94,13,0,43 21 49,0,530,,91,13,0,43 21 49,0
96101,'7f443a14596255477616',639,,316,4,0,43 13 44 45 46,0
