96101,'184134507f4517151633',701,,297,13,0,43 21 49,0
96101,'1a2d50186c1c71632610',1403,,71,15,0,43 21 49,0
96101,'1c2e3625233d01453772',757,,302,22,0,43 21 49,0,143,,303,9,0,43 21 49,0,251,,304,21,0,43 21 49,0,259,,298,24,0,43 21 49,0,292,,299,22,0,43 21 49,0,26,,300,14,0,43 21 49,0,74,,301,15,0,43 21 49,0
96101,'1f06603d1d7b4f2e4171',1443,,73,22,0,43 21 49,0,500,,72,22,0,43 21 49,0
96101,'1f5759673f12020b0a50',757,,305,22,0,43 21 49,0,444,,306,13,0,43 21 49,0,501,,307,22,0,43 21 49,0,26,,308,14,0,43 21 49,0
96101,'207e270d054b176b5d33',706,,74,11,0,43 21 49,0
96101,'26316a4c147077516358',1725,,76,3,4,,0
96101,'31744f7e5638320a2d4c',1225,,309,3,0,68 69,0
96101,'3823594e52252d7f6b14',1857,,311,22,0,43 21 49,0
96101,'41451b6a44727b403b38',209,,78,11,0,43 21 49,0
96101,'553d275f1455102c362a',1725,,312,3,0,68 69,0
96101,'57250a1f2855612e2d17',1225,,80,3,4,,0
96101,'62061874353c664e5006',656,,82,11,0,43 13 44 45 46,0,1,,83,14,0,43 13 44 45 46,0,44,,84,4,0,43 13 44 45 46,0,400,,85,9,0,43 21 49,0,607,,86,9,0,43 13 44 45 46,0
96101,'6706020c382341356e26',813,,88,22,0,43 21 49,0,332,,89,23,0,43 21 49,0,298,,90,22,0,43 21 49,0,570,,87,22,0,43 21 49,0
96101,'700e3c046b76752b6946',1815,,314,23,0,43 21 49,0
96101,'734c3e1b1c1138406a07',813,,92,22,0,43 21 49,0,97,,96,16,0,43 21 49,0,235,,93,23,0,43 21 49,0,298,,94,22,0,43 21 49,0,361,,95,18,0,43 21 49,0,209,,91,22,0,43 21 49,0
96101,'7f443a14596255477616',655,,315,14,0,43 13 44 45 46,0,46,,317,4,0,43 13 44 45 46,0
