96101,'184134507f4517151633',643,,297,6,0,43 21 49,0
96101,'1a2d50186c1c71632610',1347,,71,8,0,43 21 49,0
96101,'1c2e3625233d01453772',739,,302,15,0,43 21 49,0,103,,303,2,0,43 21 49,0,291,,304,14,0,43 21 49,0,219,,298,17,0,43 21 49,0,292,,299,15,0,43 21 49,0,66,,300,7,0,43 21 49,0,34,,301,8,0,43 21 49,0
96101,'1f06603d1d7b4f2e4171',1425,,73,15,0,43 21 49,0,500,,72,15,0,43 21 49,0
96101,'1f5759673f12020b0a50',739,,305,15,0,43 21 49,0,404,,306,6,0,43 21 49,0,501,,307,15,0,43 21 49,0,66,,308,7,0,43 21 49,0
96101,'207e270d054b176b5d33',652,,74,4,0,43 21 49,0
96101,'3823594e52252d7f6b14',1839,,311,15,0,43 21 49,0
96101,'41451b6a44727b403b38',151,,78,4,0,43 21 49,0
96101,'62061874353c664e5006',638,,83,7,0,43 13 44 45 46,0,4,,82,4,0,43 13 44 45 46,0,405,,85,2,0,43 21 49,0,605,,86,2,0,43 13 44 45 46,0
96101,'6706020c382341356e26',755,,88,15,0,43 21 49,0,372,,89,16,0,43 21 49,0,298,,90,15,0,43 21 49,0,530,,87,15,0,43 21 49,0
96101,'700e3c046b76752b6946',1757,,314,16,0,43 21 49,0
96101,'734c3e1b1c1138406a07',755,,92,15,0,43 21 49,0,101,,96,9,0,43 21 49,0,271,,93,16,0,43 21 49,0,298,,94,15,0,43 21 49,0,325,,95,11,0,43 21 49,0,205,,91,15,0,43 21 49,0
96101,'7f443a14596255477616',637,,315,7,0,43 13 44 45 46,0,6,,316,6,0,43 13 44 45 46,0
