960,96000,'02070559307629202a09',1
960,96000,'0a2f1e22095132130163',2,3
960,96000,'1c2e3625233d01453772',233,234,235,236,237,238,239,240
960,96000,'1f5759673f12020b0a50',241
960,96000,'2a08755845643968295b',4
960,96000,'2a5b3362091f52630354',5,6,7,8
960,96000,'2c295b0e5f4444502b59',9,10,11
960,96000,'31744f7e5638320a2d4c',242
960,96000,'4d7a6615443531084902',12,13,14,15,16,17,18,19,20
960,96000,'59737b0d0f044b52693e',243
960,96000,'725616403949496a5c67',21
960,96000,'7a7c2673351c18595c18',244,245,246
960,96000,'7f443a14596255477616',247,248,249,250,251,252
960,96001,'02070559307629202a09',22
960,96001,'063e0e696b51092e1125',23
960,96001,'0a2f1e22095132130163',24,25,26,27,28,29,30
960,96001,'1c2e3625233d01453772',253,254,255,256,257,258
960,96001,'1f5759673f12020b0a50',259
960,96001,'2a5b3362091f52630354',31,32,33
960,96001,'2c295b0e5f4444502b59',34,35,36
960,96001,'2c3d7478417b2a41516b',37,38
960,96001,'31744f7e5638320a2d4c',260,261
960,96001,'470c2b026954373b2a2c',262,263,264
960,96001,'4d7a6615443531084902',39,40,41,42,43
960,96001,'553d275f1455102c362a',265,266,267,268,269
960,96001,'725616403949496a5c67',44,45
960,96001,'767417067c1f4f372263',46
960,96001,'7a7c2673351c18595c18',270,271,272
960,96001,'7f443a14596255477616',273
961,96100,'0e5131610429337c0530',274
961,96100,'1c2e3625233d01453772',275,276,277,278
961,96100,'1f06603d1d7b4f2e4171',47,48
961,96100,'1f5759673f12020b0a50',279,280,281,282,283
961,96100,'207e270d054b176b5d33',49,50
961,96100,'26316a4c147077516358',51,52
961,96100,'31744f7e5638320a2d4c',284,285,286
961,96100,'3823594e52252d7f6b14',287
961,96100,'456e647057623f581d57',288,289
961,96100,'470c2b026954373b2a2c',290
961,96100,'51690127300c691c172c',53
961,96100,'553d275f1455102c362a',291,292,293
961,96100,'57250a1f2855612e2d17',54,55
961,96100,'62061874353c664e5006',56,57,58,59,60
961,96100,'6706020c382341356e26',61,62,63,64
961,96100,'700e3c046b76752b6946',294
961,96100,'734c3e1b1c1138406a07',65,66,67,68,69
961,96100,'7f443a14596255477616',295,296
961,96101,'180111415f0c242f6111',70
961,96101,'184134507f4517151633',297
961,96101,'1a2d50186c1c71632610',71
961,96101,'1c2e3625233d01453772',298,299,300,301,302,303,304
961,96101,'1f06603d1d7b4f2e4171',72,73
961,96101,'1f5759673f12020b0a50',305,306,307,308
961,96101,'207e270d054b176b5d33',74
961,96101,'26316a4c147077516358',75,76,77
961,96101,'31744f7e5638320a2d4c',309,310
961,96101,'3823594e52252d7f6b14',311
961,96101,'41451b6a44727b403b38',78
961,96101,'553d275f1455102c362a',312,313
961,96101,'57250a1f2855612e2d17',79,80,81
961,96101,'62061874353c664e5006',82,83,84,85,86
961,96101,'6706020c382341356e26',87,88,89,90
961,96101,'700e3c046b76752b6946',314
961,96101,'734c3e1b1c1138406a07',91,92,93,94,95,96
961,96101,'7f443a14596255477616',315,316,317
962,96200,'02070559307629202a09',97
962,96200,'0a2f1e22095132130163',98,99
962,96200,'2a5b3362091f52630354',100
962,96200,'2c295b0e5f4444502b59',101,102,103,104,105
962,96200,'2c3d7478417b2a41516b',106
962,96200,'4d7a6615443531084902',107,108,109,110,111
962,96200,'725616403949496a5c67',112,113
962,96201,'02070559307629202a09',114
962,96201,'0a2f1e22095132130163',115,116
962,96201,'2a08755845643968295b',117
962,96201,'2a5b3362091f52630354',118,119
962,96201,'2c295b0e5f4444502b59',120,121,122,123,124
962,96201,'2c3d7478417b2a41516b',125
962,96201,'4d7a6615443531084902',126,127,128,129
962,96201,'725616403949496a5c67',130,131
963,96300,'184134507f4517151633',318
963,96300,'26316a4c147077516358',132
963,96300,'33541d3336005f05731c',133,134,135
963,96300,'38375b725c3e313d2453',136
963,96300,'57250a1f2855612e2d17',137
963,96300,'62061874353c664e5006',138,139
963,96300,'734c3e1b1c1138406a07',140,141,142,143,144
963,96301,'184134507f4517151633',319,320,321
963,96301,'3340600c65346d727f50',145,146
963,96301,'33541d3336005f05731c',147
963,96301,'57250a1f2855612e2d17',148
963,96301,'62061874353c664e5006',149,150,151,152
963,96301,'734c3e1b1c1138406a07',153,154,155,156,157
963,96301,'7c623d324c7d3f371548',158
965,96500,'1a2d50186c1c71632610',159
965,96500,'207e270d054b176b5d33',160
965,96500,'26316a4c147077516358',161,162,163
965,96500,'310c545b6d5159571c44',164,165,166
965,96500,'33541d3336005f05731c',167,168,169,170,171,172,173
965,96500,'35230e2c11716f424f7b',174
965,96500,'4826425567292a620f4b',175
965,96500,'57250a1f2855612e2d17',176,177
965,96500,'62061874353c664e5006',178,179,180,181
965,96500,'734c3e1b1c1138406a07',182,183,184,185,186,187
965,96501,'1b0c370b2c2d48464514',188,189
965,96501,'207e270d054b176b5d33',190
965,96501,'2724402b035c46631941',191
965,96501,'2b33551d1a5425693c1e',192
965,96501,'310c545b6d5159571c44',193,194,195
965,96501,'33541d3336005f05731c',196,197
965,96501,'57250a1f2855612e2d17',198,199
965,96501,'5e2b1a64573d314d5f51',200
965,96501,'62061874353c664e5006',201,202,203
965,96501,'6d295e790f30085f783f',204
965,96501,'734c3e1b1c1138406a07',205,206,207,208,209,210
966,96600,'734c3e1b1c1138406a07',211,212,213,214,215
966,96601,'734c3e1b1c1138406a07',216,217,218,219,220
967,96700,'734c3e1b1c1138406a07',221,222,223,224,225,226
967,96701,'734c3e1b1c1138406a07',227,228,229,230,231,232
