96000,'02070559307629202a09',1020,,1,8,0,5 41 13 14,0
96000,'0a2f1e22095132130163',1740,,2,5,0,5 6 7 8,0,100,,3,5,0,47 48,0
96000,'1c2e3625233d01453772',820,,237,8,0,5 42,0,185,,238,8,0,5 42,0,235,,239,8,0,5 42,0,85,,240,8,0,5 42,0,225,,233,8,0,5 42,0,185,,234,8,0,5 42,0,105,,235,8,0,5 42,0,110,,236,8,0,5 42,0
96000,'1f5759673f12020b0a50',1020,,241,8,0,5 42,0
96000,'2a08755845643968295b',710,,4,8,0,5 42,0
96000,'2a5b3362091f52630354',710,,5,8,0,5 6 7 8,0,195,,8,8,0,5 6 7 8,0
96000,'2c295b0e5f4444502b59',810,,11,8,0,5 41 13 14,0,430,,9,8,0,5 41 13 14,0,510,,10,8,0,5 42,0
96000,'31744f7e5638320a2d4c',1240,,242,5,0,47 48,0
96000,'4d7a6615443531084902',820,,19,8,0,5 42,0,185,,20,8,0,5 42,0,235,,12,8,0,5 42,0,85,,13,8,0,5 42,0,225,,14,8,0,5 42,0,80,,15,8,0,5 42,0,105,,16,8,0,5 42,0,105,,17,8,0,5 42,0,110,,18,8,0,5 42,0
96000,'59737b0d0f044b52693e',710,,243,8,0,5 42,0
96000,'725616403949496a5c67',1240,,21,5,0,47 48,0
96000,'7a7c2673351c18595c18',810,,244,8,0,5 42,0,430,,245,8,0,5 42,0,510,,246,8,0,5 42,0
96000,'7f443a14596255477616',710,,250,8,0,5 6 7 8,0,195,,252,8,0,5 6 7 8,0,725,,247,8,0,5 42,0,110,,248,5,0,5 6 7 8,0,100,,249,5,0,47 48,0
