96101,'180111415f0c242f6111',1710,,70,3,0,43 13 14,0
96101,'1a2d50186c1c71632610',1414,,71,19,0,43 21 49,0
96101,'1f06603d1d7b4f2e4171',1454,,73,26,0,43 21 49,0,500,,72,26,0,43 21 49,0
96101,'207e270d054b176b5d33',717,,74,15,0,43 21 49,0
96101,'26316a4c147077516358',1735,,75,2,0,43 13 44 45 46,0
96101,'41451b6a44727b403b38',220,,78,15,0,43 21 49,0
96101,'57250a1f2855612e2d17',1235,,79,2,0,43 13 44 45 46,0
96101,'62061874353c664e5006',707,,82,15,0,43 13 44 45 46,0,5,,84,8,0,43 13 44 45 46,0,400,,85,13,0,43 21 49,0,607,,86,13,0,43 13 44 45 46,0
96101,'6706020c382341356e26',824,,88,26,0,43 21 49,0,332,,89,27,0,43 21 49,0,298,,90,26,0,43 21 49,0,570,,87,26,0,43 21 49,0
96101,'734c3e1b1c1138406a07',824,,92,26,0,43 21 49,0,97,,96,20,0,43 21 49,0,235,,93,27,0,43 21 49,0,298,,94,26,0,43 21 49,0,361,,95,22,0,43 21 49,0,209,,91,26,0,43 21 49,0
