96100,'1c2e3625233d01453772',841,,277,28,0,70 13 71,0,96,,278,26,0,70 13 71,0,964,,276,26,0,70 13 71,0
96100,'1f06603d1d7b4f2e4171',1532,,47,25,0,16 14,0,270,,48,25,0,16 14,0
96100,'1f5759673f12020b0a50',1106,,280,26,0,70 13 71,0,795,,282,26,0,70 13 71,0
96100,'207e270d054b176b5d33',1906,,50,27,0,16 14,0
96100,'31744f7e5638320a2d4c',1351,,284,27,0,70 13 71,0
96100,'3823594e52252d7f6b14',1706,,287,26,0,70 13 71,0
96100,'456e647057623f581d57',1351,,289,26,0,70 13 71,0
96100,'62061874353c664e5006',1916,,60,27,0,16 14,0
96100,'6706020c382341356e26',757,,61,25,0,16 14,0,359,,62,25,0,16 14,0,306,,63,25,0,16 14,0,490,,64,25,0,16 14,0
96100,'700e3c046b76752b6946',2151,,294,25,0,16 14,0
96100,'734c3e1b1c1138406a07',757,,67,25,0,16 14,0,359,,68,25,0,16 14,0,306,,69,25,0,16 14,0
