96100,'0e5131610429337c0530',937,,274,16,0,25 6 26 27,0
96100,'1c2e3625233d01453772',754,,277,17,0,70 13 71,0,85,,278,17,0,70 13 71,0,810,,275,17,0,20 21 22,0,180,,276,17,0,70 13 71,0
96100,'1f06603d1d7b4f2e4171',1434,,47,17,0,16 14,0,270,,48,17,0,16 14,0
96100,'1f5759673f12020b0a50',1034,,280,17,0,70 13 71,0,295,,281,17,0,72 73,0,500,,282,17,0,70 13 71,0,90,,283,17,0,72 73,0
96100,'207e270d054b176b5d33',1814,,50,17,0,16 14,0,95,,49,17,0,17 18 19,0
96100,'26316a4c147077516358',1824,,51,18,0,20 21 22,0
96100,'31744f7e5638320a2d4c',1319,,284,18,0,70 13 71,0,5,,286,17,0,72 73,0
96100,'3823594e52252d7f6b14',1634,,287,17,0,70 13 71,0
96100,'456e647057623f581d57',1319,,289,17,0,70 13 71,0,90,,288,17,0,72 73,0
96100,'470c2b026954373b2a2c',1919,,290,17,0,72 73,0
96100,'51690127300c691c172c',904,,53,17,0,23 24,0
96100,'553d275f1455102c362a',1819,,291,18,0,20 21 22,0,100,,293,18,0,72 73,0
96100,'57250a1f2855612e2d17',1324,,54,18,0,20 21 22,0
96100,'62061874353c664e5006',923,,59,18,0,25 6 26 27,0,901,,60,17,0,16 14,0,100,,58,18,0,17 18 19,0
96100,'6706020c382341356e26',659,,61,17,0,16 14,0,385,,62,17,0,16 14,0,280,,63,17,0,16 14,0,490,,64,17,0,16 14,0
96100,'700e3c046b76752b6946',2119,,294,17,0,16 14,0
96100,'734c3e1b1c1138406a07',659,,67,17,0,16 14,0,95,,65,17,0,28 29,0,290,,68,17,0,16 14,0,280,,69,17,0,16 14,0,320,,66,17,0,20 30 31,0
