96000,'02070559307629202a09',1012,,1,3,0,5 41 13 14,0
96000,'1c2e3625233d01453772',812,,237,3,0,5 42,0,145,,238,3,0,5 42,0,275,,239,3,0,5 42,0,85,,240,3,0,5 42,0,225,,233,3,0,5 42,0,185,,234,3,0,5 42,0,105,,235,3,0,5 42,0,110,,236,3,0,5 42,0
96000,'1f5759673f12020b0a50',1012,,241,3,0,5 42,0
96000,'2a08755845643968295b',702,,4,3,0,5 42,0
96000,'2a5b3362091f52630354',702,,5,3,0,5 6 7 8,0,155,,8,3,0,5 6 7 8,0
96000,'2c295b0e5f4444502b59',802,,11,3,0,5 41 13 14,0,430,,9,3,0,5 41 13 14,0,510,,10,3,0,5 42,0
96000,'4d7a6615443531084902',812,,19,3,0,5 42,0,145,,20,3,0,5 42,0,275,,12,3,0,5 42,0,85,,13,3,0,5 42,0,225,,14,3,0,5 42,0,80,,15,3,0,5 42,0,105,,16,3,0,5 42,0,105,,17,3,0,5 42,0,110,,18,3,0,5 42,0
96000,'59737b0d0f044b52693e',702,,243,3,0,5 42,0
96000,'7a7c2673351c18595c18',802,,244,3,0,5 42,0,430,,245,3,0,5 42,0,510,,246,3,0,5 42,0
96000,'7f443a14596255477616',702,,250,3,0,5 6 7 8,0,155,,252,3,0,5 6 7 8,0,765,,247,3,0,5 42,0
