96000,'02070559307629202a09',1025,,1,12,0,5 41 13 14,0
96000,'0a2f1e22095132130163',1745,,2,9,0,5 6 7 8,0,100,,3,9,0,47 48,0
96000,'1c2e3625233d01453772',825,,237,12,0,5 42,0,185,,238,12,0,5 42,0,235,,239,12,0,5 42,0,85,,240,12,0,5 42,0,225,,233,12,0,5 42,0,185,,234,12,0,5 42,0,105,,235,12,0,5 42,0,110,,236,12,0,5 42,0
96000,'1f5759673f12020b0a50',1025,,241,12,0,5 42,0
96000,'2a08755845643968295b',715,,4,12,0,5 42,0
96000,'2a5b3362091f52630354',715,,5,12,0,5 6 7 8,0,195,,8,12,0,5 6 7 8,0
96000,'2c295b0e5f4444502b59',815,,11,12,0,5 41 13 14,0,430,,9,12,0,5 41 13 14,0,510,,10,12,0,5 42,0
96000,'31744f7e5638320a2d4c',1245,,242,9,0,47 48,0
96000,'4d7a6615443531084902',825,,19,12,0,5 42,0,185,,20,12,0,5 42,0,235,,12,12,0,5 42,0,85,,13,12,0,5 42,0,225,,14,12,0,5 42,0,80,,15,12,0,5 42,0,105,,16,12,0,5 42,0,105,,17,12,0,5 42,0,110,,18,12,0,5 42,0
96000,'59737b0d0f044b52693e',715,,243,12,0,5 42,0
96000,'725616403949496a5c67',1245,,21,9,0,47 48,0
96000,'7a7c2673351c18595c18',815,,244,12,0,5 42,0,430,,245,12,0,5 42,0,510,,246,12,0,5 42,0
96000,'7f443a14596255477616',715,,250,12,0,5 6 7 8,0,195,,252,12,0,5 6 7 8,0,725,,247,12,0,5 42,0,110,,248,9,0,5 6 7 8,0,100,,249,9,0,47 48,0
