96001,'02070559307629202a09',847,,22,3,0,43 13 14,0
96001,'063e0e696b51092e1125',1212,,23,3,0,43 13 14,0
96001,'0a2f1e22095132130163',1527,,24,4,0,43 13 14,0,90,,25,4,0,43 13 14,0,100,,26,4,0,43 13 14,0,5,,28,4,0,43 13 14,0,105,,30,4,0,43 13 14,0
96001,'1c2e3625233d01453772',652,,254,3,0,43 13 14,0,103,,255,3,0,43 13 14,0,97,,256,3,0,43 13 14,0,275,,257,3,0,43 13 14,0,205,,258,3,0,43 13 14,0,590,,253,3,0,43 13 14,0
96001,'1f5759673f12020b0a50',847,,259,3,0,43 13 14,0
96001,'2a5b3362091f52630354',657,,31,6,0,43 13 44 45 46,0,150,,32,3,0,43 13 14,0,405,,33,4,0,43 13 14,0
96001,'2c295b0e5f4444502b59',1122,,36,3,0,43 13 14,0,325,,34,3,0,43 13 14,0,370,,35,3,0,43 13 14,0
96001,'2c3d7478417b2a41516b',1722,,37,3,0,43 13 14,0,105,,38,3,0,43 13 14,0
96001,'31744f7e5638320a2d4c',1212,,261,4,0,43 13 14,0
96001,'470c2b026954373b2a2c',1622,,262,3,0,43 13 14,0,100,,263,3,0,43 13 14,0,105,,264,3,0,43 13 14,0
96001,'4d7a6615443531084902',652,,40,3,0,43 13 14,0,103,,41,3,0,43 13 14,0,87,,42,3,0,43 13 14,0,285,,43,3,0,43 13 14,0,205,,39,3,0,43 13 14,0
96001,'553d275f1455102c362a',1212,,269,3,0,43 13 14,0,410,,265,4,0,43 13 14,0,95,,266,4,0,43 13 14,0,5,,267,4,0,43 13 14,0,105,,268,4,0,43 13 14,0
96001,'725616403949496a5c67',1217,,44,4,0,43 13 14,0
96001,'767417067c1f4f372263',1617,,46,3,0,43 13 14,0
96001,'7a7c2673351c18595c18',1122,,270,3,0,43 13 14,0,325,,271,3,0,43 13 14,0,370,,272,3,0,43 13 14,0
96001,'7f443a14596255477616',657,,273,6,0,43 13 44 45 46,0
96201,'02070559307629202a09',848,,114,3,0,50 13 44,0
96201,'0a2f1e22095132130163',1713,,116,4,0,50 13 44,0,104,,115,4,0,50 13 44,0
96201,'2a08755845643968295b',848,,117,3,0,50 13 44,0
96201,'2a5b3362091f52630354',658,,118,3,0,50 13 44,0,145,,119,3,0,50 13 44,0
96201,'2c295b0e5f4444502b59',1358,,121,3,0,50 13 44,0,459,,120,3,0,50 13 44,0
96201,'2c3d7478417b2a41516b',1817,,125,3,0,50 13 44,0
96201,'4d7a6615443531084902',1358,,126,3,0,50 13 44,0
96201,'725616403949496a5c67',1218,,131,4,0,50 13 44,0,495,,130,3,0,50 13 44,0
