96001,'02070559307629202a09',857,,22,8,0,43 13 14,0
96001,'063e0e696b51092e1125',1222,,23,8,0,43 13 14,0
96001,'0a2f1e22095132130163',1537,,24,9,0,43 13 14,0,90,,25,10,0,43 13 14,0,100,,26,10,0,43 13 14,0,5,,28,9,0,43 13 14,0,105,,30,10,0,43 13 14,0
96001,'1c2e3625233d01453772',702,,254,8,0,43 13 14,0,103,,255,8,0,43 13 14,0,97,,256,8,0,43 13 14,0,235,,257,8,0,43 13 14,0,205,,258,8,0,43 13 14,0,590,,253,8,0,43 13 14,0
96001,'1f5759673f12020b0a50',857,,259,8,0,43 13 14,0
96001,'2a5b3362091f52630354',707,,31,11,0,43 13 44 45 46,0,110,,32,8,0,43 13 14,0,405,,33,9,0,43 13 14,0
96001,'2c295b0e5f4444502b59',1132,,36,8,0,43 13 14,0,325,,34,8,0,43 13 14,0,370,,35,8,0,43 13 14,0
96001,'2c3d7478417b2a41516b',1732,,37,8,0,43 13 14,0,105,,38,8,0,43 13 14,0
96001,'31744f7e5638320a2d4c',1221,,260,10,0,43 13 14,0,1,,261,9,0,43 13 14,0
96001,'470c2b026954373b2a2c',1632,,262,8,0,43 13 14,0,100,,263,8,0,43 13 14,0,105,,264,8,0,43 13 14,0
96001,'4d7a6615443531084902',702,,40,8,0,43 13 14,0,103,,41,8,0,43 13 14,0,47,,42,8,0,43 13 14,0,285,,43,8,0,43 13 14,0,205,,39,8,0,43 13 14,0
96001,'553d275f1455102c362a',1222,,269,8,0,43 13 14,0,408,,265,9,0,43 13 14,0,96,,266,10,0,43 13 14,0,6,,267,9,0,43 13 14,0,103,,268,9,0,43 13 14,0
96001,'725616403949496a5c67',1227,,44,10,0,43 13 14,0
96001,'767417067c1f4f372263',1627,,46,8,0,43 13 14,0
96001,'7a7c2673351c18595c18',1132,,270,8,0,43 13 14,0,325,,271,8,0,43 13 14,0,370,,272,8,0,43 13 14,0
96001,'7f443a14596255477616',707,,273,11,0,43 13 44 45 46,0
