96101,'184134507f4517151633',647,,297,7,0,43 21 49,0
96101,'1a2d50186c1c71632610',1351,,71,9,0,43 21 49,0
96101,'1c2e3625233d01453772',743,,302,16,0,43 21 49,0,103,,303,3,0,43 21 49,0,291,,304,15,0,43 21 49,0,219,,298,18,0,43 21 49,0,292,,299,16,0,43 21 49,0,66,,300,8,0,43 21 49,0,34,,301,9,0,43 21 49,0
96101,'1f06603d1d7b4f2e4171',1429,,73,16,0,43 21 49,0,500,,72,16,0,43 21 49,0
96101,'1f5759673f12020b0a50',743,,305,16,0,43 21 49,0,404,,306,7,0,43 21 49,0,501,,307,16,0,43 21 49,0,66,,308,8,0,43 21 49,0
96101,'207e270d054b176b5d33',654,,74,5,0,43 21 49,0
96101,'3823594e52252d7f6b14',1843,,311,16,0,43 21 49,0
96101,'41451b6a44727b403b38',155,,78,5,0,43 21 49,0
96101,'62061874353c664e5006',641,,83,8,0,43 13 44 45 46,0,3,,82,5,0,43 13 44 45 46,0,405,,85,3,0,43 21 49,0,607,,86,3,0,43 13 44 45 46,0
96101,'6706020c382341356e26',759,,88,16,0,43 21 49,0,372,,89,17,0,43 21 49,0,298,,90,16,0,43 21 49,0,530,,87,16,0,43 21 49,0
96101,'700e3c046b76752b6946',1801,,314,17,0,43 21 49,0
96101,'734c3e1b1c1138406a07',759,,92,16,0,43 21 49,0,99,,96,10,0,43 21 49,0,273,,93,17,0,43 21 49,0,298,,94,16,0,43 21 49,0,323,,95,12,0,43 21 49,0,207,,91,16,0,43 21 49,0
96101,'7f443a14596255477616',641,,315,8,0,43 13 44 45 46,0,6,,316,7,0,43 13 44 45 46,0
