96001,'02070559307629202a09',905,,22,11,0,43 13 14,0
96001,'063e0e696b51092e1125',1230,,23,11,0,43 13 14,0
96001,'0a2f1e22095132130163',1545,,24,12,0,43 13 14,0,90,,25,14,0,43 13 14,0,100,,26,14,0,43 13 14,0,5,,28,12,0,43 13 14,0,105,,30,14,0,43 13 14,0
96001,'1c2e3625233d01453772',710,,254,11,0,43 13 14,0,103,,255,11,0,43 13 14,0,97,,256,11,0,43 13 14,0,235,,257,11,0,43 13 14,0,205,,258,11,0,43 13 14,0,590,,253,11,0,43 13 14,0
96001,'1f5759673f12020b0a50',905,,259,11,0,43 13 14,0
96001,'2a5b3362091f52630354',715,,31,14,0,43 13 44 45 46,0,110,,32,11,0,43 13 14,0,405,,33,12,0,43 13 14,0
96001,'2c295b0e5f4444502b59',1140,,36,11,0,43 13 14,0,365,,34,11,0,43 13 14,0,330,,35,11,0,43 13 14,0
96001,'2c3d7478417b2a41516b',1740,,37,11,0,43 13 14,0,105,,38,11,0,43 13 14,0
96001,'31744f7e5638320a2d4c',1230,,261,12,0,43 13 14,0
96001,'470c2b026954373b2a2c',1640,,262,11,0,43 13 14,0,100,,263,11,0,43 13 14,0,105,,264,11,0,43 13 14,0
96001,'4d7a6615443531084902',710,,40,11,0,43 13 14,0,103,,41,11,0,43 13 14,0,87,,42,11,0,43 13 14,0,245,,43,11,0,43 13 14,0,205,,39,11,0,43 13 14,0
96001,'553d275f1455102c362a',1230,,269,11,0,43 13 14,0,408,,265,12,0,43 13 14,0,97,,266,14,0,43 13 14,0,5,,267,12,0,43 13 14,0,103,,268,12,0,43 13 14,0
96001,'725616403949496a5c67',1235,,44,14,0,43 13 14,0
96001,'767417067c1f4f372263',1635,,46,11,0,43 13 14,0
96001,'7a7c2673351c18595c18',1140,,270,11,0,43 13 14,0,365,,271,11,0,43 13 14,0,330,,272,11,0,43 13 14,0
96001,'7f443a14596255477616',715,,273,14,0,43 13 44 45 46,0
