96001,'02070559307629202a09',851,,22,6,0,43 13 14,0
96001,'063e0e696b51092e1125',1216,,23,6,0,43 13 14,0
96001,'0a2f1e22095132130163',1531,,24,7,0,43 13 14,0,90,,25,7,0,43 13 14,0,100,,26,7,0,43 13 14,0,5,,28,7,0,43 13 14,0,105,,30,7,0,43 13 14,0
96001,'1c2e3625233d01453772',656,,254,6,0,43 13 14,0,103,,255,6,0,43 13 14,0,97,,256,6,0,43 13 14,0,275,,257,6,0,43 13 14,0,205,,258,6,0,43 13 14,0,590,,253,6,0,43 13 14,0
96001,'1f5759673f12020b0a50',851,,259,6,0,43 13 14,0
96001,'2a5b3362091f52630354',701,,31,9,0,43 13 44 45 46,0,110,,32,6,0,43 13 14,0,405,,33,7,0,43 13 14,0
96001,'2c295b0e5f4444502b59',1126,,36,6,0,43 13 14,0,325,,34,6,0,43 13 14,0,370,,35,6,0,43 13 14,0
96001,'2c3d7478417b2a41516b',1726,,37,6,0,43 13 14,0,105,,38,6,0,43 13 14,0
96001,'31744f7e5638320a2d4c',1216,,261,7,0,43 13 14,0
96001,'470c2b026954373b2a2c',1626,,262,6,0,43 13 14,0,100,,263,6,0,43 13 14,0,105,,264,6,0,43 13 14,0
96001,'4d7a6615443531084902',656,,40,6,0,43 13 14,0,102,,41,6,0,43 13 14,0,87,,42,6,0,43 13 14,0,286,,43,6,0,43 13 14,0,205,,39,6,0,43 13 14,0
96001,'553d275f1455102c362a',1216,,269,6,0,43 13 14,0,410,,265,7,0,43 13 14,0,95,,266,7,0,43 13 14,0,5,,267,7,0,43 13 14,0,105,,268,7,0,43 13 14,0
96001,'725616403949496a5c67',1221,,44,7,0,43 13 14,0
96001,'767417067c1f4f372263',1621,,46,6,0,43 13 14,0
96001,'7a7c2673351c18595c18',1126,,270,6,0,43 13 14,0,325,,271,6,0,43 13 14,0,370,,272,6,0,43 13 14,0
96001,'7f443a14596255477616',701,,273,9,0,43 13 44 45 46,0
96201,'02070559307629202a09',850,,114,4,0,50 13 44,0
96201,'0a2f1e22095132130163',1715,,116,5,0,50 13 44,0,103,,115,5,0,50 13 44,0
96201,'2a08755845643968295b',850,,117,4,0,50 13 44,0
96201,'2a5b3362091f52630354',700,,118,4,0,50 13 44,0,105,,119,4,0,50 13 44,0
96201,'2c295b0e5f4444502b59',1400,,121,4,0,50 13 44,0,418,,120,4,0,50 13 44,0
96201,'2c3d7478417b2a41516b',1818,,125,4,0,50 13 44,0
96201,'4d7a6615443531084902',1400,,126,4,0,50 13 44,0
96201,'725616403949496a5c67',1220,,131,5,0,50 13 44,0,495,,130,4,0,50 13 44,0
