96101,'180111415f0c242f6111',1635,,70,2,0,43 13 14,0
96101,'1a2d50186c1c71632610',1333,,71,4,0,43 21 49,0
96101,'1c2e3625233d01453772',725,,302,11,0,43 21 49,0,905,,299,11,0,43 21 49,0
96101,'1f5759673f12020b0a50',725,,305,11,0,43 21 49,0,905,,307,11,0,43 21 49,0
96101,'3823594e52252d7f6b14',1825,,311,11,0,43 21 49,0
96101,'62061874353c664e5006',621,,83,3,0,43 13 44 45 46,0
96101,'6706020c382341356e26',1111,,89,12,0,43 21 49,0
96101,'700e3c046b76752b6946',1741,,314,12,0,43 21 49,0
96101,'734c3e1b1c1138406a07',1111,,93,12,0,43 21 49,0,621,,95,7,0,43 21 49,0
96101,'7f443a14596255477616',623,,315,3,0,43 13 44 45 46,0
