96000,'02070559307629202a09',1037,,1,18,0,5 41 13 14,0
96000,'0a2f1e22095132130163',1757,,2,15,0,5 6 7 8,0,100,,3,15,0,47 48,0
96000,'1c2e3625233d01453772',837,,237,18,0,5 42,0,185,,238,18,0,5 42,0,235,,239,18,0,5 42,0,85,,240,18,0,5 42,0,265,,233,18,0,5 42,0,145,,234,18,0,5 42,0,105,,235,18,0,5 42,0,150,,236,18,0,5 42,0
96000,'1f5759673f12020b0a50',1037,,241,18,0,5 42,0
96000,'2a08755845643968295b',727,,4,18,0,5 42,0
96000,'2a5b3362091f52630354',727,,5,18,0,5 6 7 8,0,195,,8,18,0,5 6 7 8,0
96000,'2c295b0e5f4444502b59',827,,11,18,0,5 41 13 14,0,430,,9,18,0,5 41 13 14,0,550,,10,18,0,5 42,0
96000,'31744f7e5638320a2d4c',1257,,242,15,0,47 48,0
96000,'4d7a6615443531084902',837,,19,18,0,5 42,0,182,,20,18,0,5 42,0,238,,12,18,0,5 42,0,84,,13,18,0,5 42,0,262,,14,18,0,5 42,0,44,,15,18,0,5 42,0,105,,16,18,0,5 42,0,105,,17,18,0,5 42,0,150,,18,18,0,5 42,0
96000,'59737b0d0f044b52693e',727,,243,18,0,5 42,0
96000,'725616403949496a5c67',1257,,21,15,0,47 48,0
96000,'7a7c2673351c18595c18',827,,244,18,0,5 42,0,430,,245,18,0,5 42,0,550,,246,18,0,5 42,0
96000,'7f443a14596255477616',727,,250,18,0,5 6 7 8,0,195,,252,18,0,5 6 7 8,0,725,,247,18,0,5 42,0,110,,248,15,0,5 6 7 8,0,100,,249,15,0,47 48,0
