96501,'1b0c370b2c2d48464514',1208,,188,3,0,50 13 14,0,625,,189,3,0,50 13 14,0
96501,'207e270d054b176b5d33',737,,190,11,4,,0
96501,'2724402b035c46631941',1202,,191,11,4,,0
96501,'2b33551d1a5425693c1e',1202,,192,11,4,,0
96501,'310c545b6d5159571c44',1150,,193,10,4,,0,56,,194,2,0,50 13 14,0,614,,195,10,0,50 13 14,0
96501,'33541d3336005f05731c',1522,,196,11,4,,0,6,,197,3,0,50 13 14,0
96501,'57250a1f2855612e2d17',1202,,198,11,0,65 66,0,36,,199,2,0,50 13 14,0
96501,'5e2b1a64573d314d5f51',743,,200,3,0,50 13 14,0
96501,'62061874353c664e5006',711,,202,7,0,50 40 6 64,0,26,,203,11,0,65 66,0,966,,201,11,0,50 13 14,0
96501,'6d295e790f30085f783f',1827,,204,11,4,,0
96501,'734c3e1b1c1138406a07',619,,207,3,0,50 13 14,0,383,,208,11,4,,0,6,,209,3,0,50 13 14,0,330,,205,2,0,50 13 14,0,69,,206,11,4,,0,11,,210,3,0,50 13 14,0
