96100,'1c2e3625233d01453772',915,,278,21,0,70 13 71,0
96100,'1f06603d1d7b4f2e4171',1510,,47,21,0,16 14,0,230,,48,21,0,16 14,0
96100,'1f5759673f12020b0a50',1035,,279,2,0,74 42,0,370,,281,21,0,72 73,0,550,,283,21,0,72 73,0
96100,'207e270d054b176b5d33',1844,,50,23,0,16 14,0
96100,'31744f7e5638320a2d4c',1400,,286,21,0,72 73,0
96100,'456e647057623f581d57',1445,,288,21,0,72 73,0
96100,'470c2b026954373b2a2c',1955,,290,21,0,72 73,0
96100,'553d275f1455102c362a',1955,,293,22,0,72 73,0
96100,'62061874353c664e5006',1854,,60,23,0,16 14,0
96100,'6706020c382341356e26',735,,61,21,0,16 14,0,665,,63,21,0,16 14,0,450,,64,21,0,16 14,0
96100,'734c3e1b1c1138406a07',735,,67,21,0,16 14,0,665,,69,21,0,16 14,0
96101,'184134507f4517151633',607,,297,2,0,43 21 49,0
96101,'1c2e3625233d01453772',1057,,304,10,0,43 21 49,0,577,,300,3,0,43 21 49,0
96101,'1f06603d1d7b4f2e4171',1349,,73,11,0,43 21 49,0,500,,72,11,0,43 21 49,0
96101,'1f5759673f12020b0a50',1107,,306,2,0,43 21 49,0,527,,308,3,0,43 21 49,0
96101,'6706020c382341356e26',719,,88,11,0,43 21 49,0,630,,90,11,0,43 21 49,0,570,,87,11,0,43 21 49,0
96101,'734c3e1b1c1138406a07',719,,92,11,0,43 21 49,0,630,,94,11,0,43 21 49,0,570,,91,11,0,43 21 49,0
96101,'7f443a14596255477616',607,,316,2,0,43 13 44 45 46,0
