96100,'0e5131610429337c0530',1000,,274,22,0,25 6 26 27,0
96100,'1c2e3625233d01453772',833,,277,25,0,70 13 71,0,96,,278,23,0,70 13 71,0,924,,276,23,0,70 13 71,0
96100,'1f06603d1d7b4f2e4171',1524,,47,23,0,16 14,0,230,,48,23,0,16 14,0
96100,'1f5759673f12020b0a50',1049,,279,4,4,,0,9,,280,23,0,70 13 71,0,795,,282,23,0,70 13 71,0
96100,'207e270d054b176b5d33',1858,,50,25,0,16 14,0
96100,'31744f7e5638320a2d4c',1343,,284,24,0,70 13 71,0
96100,'3823594e52252d7f6b14',1658,,287,23,0,70 13 71,0
96100,'456e647057623f581d57',1343,,289,23,0,70 13 71,0
96100,'62061874353c664e5006',948,,59,24,0,25 6 26 27,0,960,,60,25,0,16 14,0
96100,'6706020c382341356e26',749,,61,23,0,16 14,0,360,,62,23,0,16 14,0,305,,63,23,0,16 14,0,490,,64,23,0,16 14,0
96100,'700e3c046b76752b6946',2144,,294,23,0,16 14,0
96100,'734c3e1b1c1138406a07',749,,67,23,0,16 14,0,360,,68,23,0,16 14,0,305,,69,23,0,16 14,0
