96000,'02070559307629202a09',1011,,1,2,0,5 41 13 14,0
96000,'1c2e3625233d01453772',811,,237,2,0,5 42,0,145,,238,2,0,5 42,0,275,,239,2,0,5 42,0,85,,240,2,0,5 42,0,225,,233,2,0,5 42,0,185,,234,2,0,5 42,0,105,,235,2,0,5 42,0,110,,236,2,0,5 42,0
96000,'1f5759673f12020b0a50',1011,,241,2,0,5 42,0
96000,'2a08755845643968295b',701,,4,2,0,5 42,0
96000,'2a5b3362091f52630354',701,,5,2,0,5 6 7 8,0,155,,8,2,0,5 6 7 8,0
96000,'2c295b0e5f4444502b59',801,,11,2,0,5 41 13 14,0,430,,9,2,0,5 41 13 14,0,510,,10,2,0,5 42,0
96000,'4d7a6615443531084902',811,,19,2,0,5 42,0,145,,20,2,0,5 42,0,275,,12,2,0,5 42,0,85,,13,2,0,5 42,0,225,,14,2,0,5 42,0,80,,15,2,0,5 42,0,105,,16,2,0,5 42,0,105,,17,2,0,5 42,0,100,,18,2,0,5 42,0
96000,'59737b0d0f044b52693e',701,,243,2,0,5 42,0
96000,'7a7c2673351c18595c18',801,,244,2,0,5 42,0,430,,245,2,0,5 42,0,510,,246,2,0,5 42,0
96000,'7f443a14596255477616',701,,250,2,0,5 6 7 8,0,155,,252,2,0,5 6 7 8,0,765,,247,2,0,5 42,0
96100,'1c2e3625233d01453772',705,,277,1,0,70 13 71,0,45,,278,1,0,70 13 71,0,850,,275,1,0,20 21 22,0,140,,276,1,0,70 13 71,0
96100,'1f06603d1d7b4f2e4171',1345,,47,1,0,16 14,0,270,,48,1,0,16 14,0
96100,'1f5759673f12020b0a50',945,,280,1,0,70 13 71,0,295,,281,1,0,72 73,0,500,,282,1,0,70 13 71,0,90,,283,1,0,72 73,0
96100,'207e270d054b176b5d33',1725,,50,1,0,16 14,0,95,,49,1,0,17 18 19,0
96100,'26316a4c147077516358',1735,,51,2,0,20 21 22,0
96100,'31744f7e5638320a2d4c',1230,,284,2,0,70 13 71,0,5,,286,1,0,72 73,0
96100,'3823594e52252d7f6b14',1545,,287,1,0,70 13 71,0
96100,'456e647057623f581d57',1230,,289,1,0,70 13 71,0,90,,288,1,0,72 73,0
96100,'470c2b026954373b2a2c',1830,,290,1,0,72 73,0
96100,'51690127300c691c172c',815,,53,1,0,23 24,0
96100,'553d275f1455102c362a',1730,,291,2,0,20 21 22,0,100,,293,2,0,72 73,0
96100,'57250a1f2855612e2d17',1235,,54,2,0,20 21 22,0
96100,'62061874353c664e5006',815,,59,1,0,25 6 26 27,0,920,,60,1,0,16 14,0,100,,58,2,0,17 18 19,0
96100,'6706020c382341356e26',610,,61,1,0,16 14,0,345,,62,1,0,16 14,0,280,,63,1,0,16 14,0,490,,64,1,0,16 14,0
96100,'700e3c046b76752b6946',2030,,294,1,0,16 14,0
96100,'734c3e1b1c1138406a07',610,,67,1,0,16 14,0,95,,65,1,0,28 29,0,250,,68,1,0,16 14,0,280,,69,1,0,16 14,0,320,,66,1,0,20 30 31,0
96700,'734c3e1b1c1138406a07',1215,,224,2,0,12 13 14,0,500,,225,2,0,12 6 15,0,115,,226,2,0,12 13 14,0
