96100,'0e5131610429337c0530',949,,274,18,0,25 6 26 27,0
96100,'1c2e3625233d01453772',806,,277,19,0,70 13 71,0,895,,275,19,0,20 21 22,0,140,,276,19,0,70 13 71,0
96100,'1f5759673f12020b0a50',1046,,280,19,0,70 13 71,0,795,,282,19,0,70 13 71,0
96100,'207e270d054b176b5d33',1826,,50,19,0,16 14,0
96100,'26316a4c147077516358',1834,,51,20,0,20 21 22,0
96100,'3823594e52252d7f6b14',1646,,287,19,0,70 13 71,0
96100,'553d275f1455102c362a',1831,,291,20,0,20 21 22,0
96100,'57250a1f2855612e2d17',1338,,54,19,0,20 21 22,0
96100,'62061874353c664e5006',935,,59,20,0,25 6 26 27,0,901,,60,19,0,16 14,0
96100,'6706020c382341356e26',1056,,62,19,0,16 14,0
96100,'700e3c046b76752b6946',2131,,294,19,0,16 14,0
96100,'734c3e1b1c1138406a07',808,,65,18,0,28 29,0,248,,68,19,0,16 14,0
