96100,'0e5131610429337c0530',1005,,274,23,4,,0
96100,'1c2e3625233d01453772',836,,277,26,0,70 13 71,0,96,,278,24,0,70 13 71,0,924,,276,24,0,70 13 71,0
96100,'1f5759673f12020b0a50',1101,,280,24,0,70 13 71,0,755,,282,24,0,70 13 71,0
96100,'31744f7e5638320a2d4c',1346,,284,25,0,70 13 71,0
96100,'3823594e52252d7f6b14',1701,,287,24,0,70 13 71,0
96100,'456e647057623f581d57',1346,,289,24,0,70 13 71,0
96100,'62061874353c664e5006',952,,59,25,4,,0
96101,'180111415f0c242f6111',1615,,70,1,0,43 13 14,0
96101,'1c2e3625233d01453772',709,,302,7,0,43 21 49,0,330,,304,7,0,43 21 49,0,270,,298,7,0,43 21 49,0,305,,299,7,0,43 21 49,0
96101,'1f5759673f12020b0a50',709,,305,7,0,43 21 49,0,905,,307,7,0,43 21 49,0
96101,'3823594e52252d7f6b14',1809,,311,7,0,43 21 49,0
