96001,'02070559307629202a09',850,,22,5,0,43 13 14,0
96001,'063e0e696b51092e1125',1215,,23,5,0,43 13 14,0
96001,'0a2f1e22095132130163',1530,,24,6,0,43 13 14,0,90,,25,6,0,43 13 14,0,100,,26,6,0,43 13 14,0,5,,28,6,0,43 13 14,0,105,,30,6,0,43 13 14,0
96001,'1c2e3625233d01453772',655,,254,5,0,43 13 14,0,103,,255,5,0,43 13 14,0,97,,256,5,0,43 13 14,0,275,,257,5,0,43 13 14,0,205,,258,5,0,43 13 14,0,590,,253,5,0,43 13 14,0
96001,'1f5759673f12020b0a50',850,,259,5,0,43 13 14,0
96001,'2a5b3362091f52630354',700,,31,8,0,43 13 44 45 46,0,110,,32,5,0,43 13 14,0,405,,33,6,0,43 13 14,0
96001,'2c295b0e5f4444502b59',1125,,36,5,0,43 13 14,0,325,,34,5,0,43 13 14,0,370,,35,5,0,43 13 14,0
96001,'2c3d7478417b2a41516b',1725,,37,5,0,43 13 14,0,105,,38,5,0,43 13 14,0
96001,'31744f7e5638320a2d4c',1215,,261,6,0,43 13 14,0
96001,'470c2b026954373b2a2c',1625,,262,5,0,43 13 14,0,100,,263,5,0,43 13 14,0,105,,264,5,0,43 13 14,0
96001,'4d7a6615443531084902',655,,40,5,0,43 13 14,0,102,,41,5,0,43 13 14,0,87,,42,5,0,43 13 14,0,286,,43,5,0,43 13 14,0,205,,39,5,0,43 13 14,0
96001,'553d275f1455102c362a',1215,,269,5,0,43 13 14,0,410,,265,6,0,43 13 14,0,95,,266,6,0,43 13 14,0,5,,267,6,0,43 13 14,0,105,,268,6,0,43 13 14,0
96001,'725616403949496a5c67',1220,,44,6,0,43 13 14,0
96001,'767417067c1f4f372263',1620,,46,5,0,43 13 14,0
96001,'7a7c2673351c18595c18',1125,,270,5,0,43 13 14,0,325,,271,5,0,43 13 14,0,370,,272,5,0,43 13 14,0
96001,'7f443a14596255477616',700,,273,8,0,43 13 44 45 46,0
