96001,'02070559307629202a09',914,,22,15,0,43 13 14,0
96001,'063e0e696b51092e1125',1239,,23,15,0,43 13 14,0
96001,'0a2f1e22095132130163',1554,,24,16,0,43 13 14,0,90,,25,18,0,43 13 14,0,100,,26,18,0,43 13 14,0,5,,28,16,0,43 13 14,0,105,,30,18,0,43 13 14,0
96001,'1c2e3625233d01453772',719,,254,15,0,43 13 14,0,103,,255,15,0,43 13 14,0,97,,256,15,0,43 13 14,0,235,,257,15,0,43 13 14,0,205,,258,15,0,43 13 14,0,590,,253,15,0,43 13 14,0
96001,'1f5759673f12020b0a50',914,,259,15,0,43 13 14,0
96001,'2a5b3362091f52630354',724,,31,18,0,43 13 44 45 46,0,110,,32,15,0,43 13 14,0,405,,33,16,0,43 13 14,0
96001,'2c295b0e5f4444502b59',1149,,36,15,0,43 13 14,0,365,,34,15,0,43 13 14,0,330,,35,15,0,43 13 14,0
96001,'2c3d7478417b2a41516b',1749,,37,15,0,43 13 14,0,105,,38,15,0,43 13 14,0
96001,'31744f7e5638320a2d4c',1239,,261,16,0,43 13 14,0
96001,'470c2b026954373b2a2c',1649,,262,15,0,43 13 14,0,100,,263,15,0,43 13 14,0,105,,264,15,0,43 13 14,0
96001,'4d7a6615443531084902',719,,40,15,0,43 13 14,0,103,,41,15,0,43 13 14,0,87,,42,15,0,43 13 14,0,245,,43,15,0,43 13 14,0,205,,39,15,0,43 13 14,0
96001,'553d275f1455102c362a',1239,,269,15,0,43 13 14,0,408,,265,16,0,43 13 14,0,97,,266,18,0,43 13 14,0,5,,267,16,0,43 13 14,0,103,,268,16,0,43 13 14,0
96001,'725616403949496a5c67',1244,,44,18,0,43 13 14,0
96001,'767417067c1f4f372263',1644,,46,15,0,43 13 14,0
96001,'7a7c2673351c18595c18',1149,,270,15,0,43 13 14,0,365,,271,15,0,43 13 14,0,330,,272,15,0,43 13 14,0
96001,'7f443a14596255477616',724,,273,18,0,43 13 44 45 46,0
