96000,'02070559307629202a09',1042,,1,20,4,,0
96000,'0a2f1e22095132130163',1802,,2,17,0,5 6 7 8,0,100,,3,17,0,47 48,0
96000,'1c2e3625233d01453772',842,,237,20,0,5 42,0,185,,238,20,0,5 42,0,275,,239,20,0,5 42,0,45,,240,20,0,5 42,0,265,,233,20,0,5 42,0,145,,234,20,0,5 42,0,145,,235,20,0,5 42,0,110,,236,20,0,5 42,0
96000,'1f5759673f12020b0a50',1042,,241,20,0,5 42,0
96000,'2a08755845643968295b',732,,4,20,0,5 42,0
96000,'2a5b3362091f52630354',732,,5,20,0,5 6 7 8,0,18,,7,14,0,5 6 7 8,0,177,,8,20,0,5 6 7 8,0
96000,'2c295b0e5f4444502b59',832,,11,20,4,,0,470,,9,20,4,,0,510,,10,20,0,5 42,0
96000,'31744f7e5638320a2d4c',1302,,242,17,0,47 48,0
96000,'4d7a6615443531084902',841,,19,20,0,5 42,0,180,,20,20,0,5 42,0,281,,12,20,0,5 42,0,45,,13,20,0,5 42,0,260,,14,20,0,5 42,0,45,,15,20,0,5 42,0,105,,16,20,0,5 42,0,145,,17,20,0,5 42,0,110,,18,20,0,5 42,0
96000,'59737b0d0f044b52693e',732,,243,20,0,5 42,0
96000,'725616403949496a5c67',1302,,21,17,0,47 48,0
96000,'7a7c2673351c18595c18',832,,244,20,0,5 42,0,470,,245,20,0,5 42,0,510,,246,20,0,5 42,0
96000,'7f443a14596255477616',732,,250,20,0,5 6 7 8,0,195,,252,20,0,5 6 7 8,0,725,,247,20,0,5 42,0,150,,248,17,0,5 6 7 8,0,100,,249,17,0,47 48,0
96200,'02070559307629202a09',1753,,97,12,0,5 42,0
96200,'0a2f1e22095132130163',1756,,99,18,0,5 42,0,102,,98,18,0,5 42,0
96200,'2a5b3362091f52630354',741,,100,14,0,5 6 7 8,0
96200,'2c295b0e5f4444502b59',831,,101,13,0,5 42,0,14,,103,1,0,5 52,0,205,,104,1,0,5 52,0,300,,102,13,0,5 42,0,50,,105,1,0,5 52,0
96200,'2c3d7478417b2a41516b',1756,,106,12,0,5 42,0
96200,'4d7a6615443531084902',831,,107,13,0,5 42,0,14,,109,1,0,5 52,0,180,,110,1,0,5 52,0,325,,108,13,0,5 42,0,50,,111,1,0,5 52,0
96200,'725616403949496a5c67',1256,,113,18,0,5 42,0,602,,112,12,0,5 42,0
