96100,'1c2e3625233d01453772',845,,277,29,0,70 13 71,0,101,,278,27,0,70 13 71,0,959,,276,27,0,70 13 71,0
96100,'1f06603d1d7b4f2e4171',1536,,47,26,0,16 14,0,270,,48,26,0,16 14,0
96100,'1f5759673f12020b0a50',1110,,280,27,0,70 13 71,0,795,,282,27,0,70 13 71,0
96100,'207e270d054b176b5d33',1910,,50,28,0,16 14,0
96100,'31744f7e5638320a2d4c',1355,,284,28,0,70 13 71,0
96100,'3823594e52252d7f6b14',1710,,287,27,0,70 13 71,0
96100,'456e647057623f581d57',1355,,289,27,0,70 13 71,0
96100,'62061874353c664e5006',1920,,60,28,0,16 14,0
96100,'6706020c382341356e26',801,,61,26,0,16 14,0,319,,62,26,0,16 14,0,306,,63,26,0,16 14,0,490,,64,26,0,16 14,0
96100,'700e3c046b76752b6946',2155,,294,26,0,16 14,0
96100,'734c3e1b1c1138406a07',801,,67,26,0,16 14,0,319,,68,26,0,16 14,0,306,,69,26,0,16 14,0
