96101,'184134507f4517151633',705,,297,14,0,43 21 49,0
96101,'1a2d50186c1c71632610',1408,,71,16,0,43 21 49,0
96101,'1c2e3625233d01453772',801,,302,23,0,43 21 49,0,103,,303,10,0,43 21 49,0,251,,304,22,0,43 21 49,0,259,,298,25,0,43 21 49,0,292,,299,23,0,43 21 49,0,26,,300,15,0,43 21 49,0,74,,301,16,0,43 21 49,0
96101,'1f06603d1d7b4f2e4171',1447,,73,23,0,43 21 49,0,500,,72,23,0,43 21 49,0
96101,'1f5759673f12020b0a50',801,,305,23,0,43 21 49,0,404,,306,14,0,43 21 49,0,501,,307,23,0,43 21 49,0,26,,308,15,0,43 21 49,0
96101,'207e270d054b176b5d33',711,,74,12,0,43 21 49,0
96101,'26316a4c147077516358',1725,,77,2,0,68 69,0
96101,'31744f7e5638320a2d4c',1230,,309,4,0,68 69,0
96101,'3823594e52252d7f6b14',1901,,311,23,0,43 21 49,0
96101,'41451b6a44727b403b38',213,,78,12,0,43 21 49,0
96101,'553d275f1455102c362a',1730,,312,4,0,68 69,0
96101,'57250a1f2855612e2d17',1225,,81,2,0,68 69,0
96101,'62061874353c664e5006',701,,82,12,0,43 13 44 45 46,0,5,,84,5,0,43 13 44 45 46,0,400,,85,10,0,43 21 49,0,607,,86,10,0,43 13 44 45 46,0
96101,'6706020c382341356e26',817,,88,23,0,43 21 49,0,332,,89,24,0,43 21 49,0,298,,90,23,0,43 21 49,0,570,,87,23,0,43 21 49,0
96101,'700e3c046b76752b6946',1819,,314,24,0,43 21 49,0
96101,'734c3e1b1c1138406a07',817,,92,23,0,43 21 49,0,98,,96,17,0,43 21 49,0,234,,93,24,0,43 21 49,0,298,,94,23,0,43 21 49,0,362,,95,19,0,43 21 49,0,208,,91,23,0,43 21 49,0
96101,'7f443a14596255477616',659,,315,15,0,43 13 44 45 46,0,46,,316,14,0,43 13 44 45 46,0,1,,317,5,0,43 13 44 45 46,0
