96001,'02070559307629202a09',921,,22,18,0,43 13 14,0
96001,'063e0e696b51092e1125',1246,,23,18,0,43 13 14,0
96001,'0a2f1e22095132130163',1601,,24,19,0,43 13 14,0,50,,25,21,0,43 13 14,0,100,,26,21,0,43 13 14,0,5,,28,19,0,43 13 14,0,145,,30,21,0,43 13 14,0
96001,'1c2e3625233d01453772',726,,254,18,0,43 13 14,0,103,,255,18,0,43 13 14,0,97,,256,18,0,43 13 14,0,275,,257,18,0,43 13 14,0,205,,258,18,0,43 13 14,0,550,,253,18,0,43 13 14,0
96001,'1f5759673f12020b0a50',921,,259,18,0,43 13 14,0
96001,'2a5b3362091f52630354',841,,32,18,0,43 13 14,0,405,,33,19,0,43 13 14,0
96001,'2c295b0e5f4444502b59',1156,,36,18,0,43 13 14,0,365,,34,18,0,43 13 14,0,330,,35,18,0,43 13 14,0
96001,'2c3d7478417b2a41516b',1756,,37,18,0,43 13 14,0,145,,38,18,0,43 13 14,0
96001,'31744f7e5638320a2d4c',1246,,261,19,0,43 13 14,0
96001,'470c2b026954373b2a2c',1656,,262,18,0,43 13 14,0,100,,263,18,0,43 13 14,0,145,,264,18,0,43 13 14,0
96001,'4d7a6615443531084902',726,,40,18,0,43 13 14,0,103,,41,18,0,43 13 14,0,87,,42,18,0,43 13 14,0,285,,43,18,0,43 13 14,0,205,,39,18,0,43 13 14,0
96001,'553d275f1455102c362a',1246,,269,18,0,43 13 14,0,408,,265,19,0,43 13 14,0,97,,266,21,0,43 13 14,0,5,,267,19,0,43 13 14,0,103,,268,19,0,43 13 14,0
96001,'725616403949496a5c67',1251,,44,21,0,43 13 14,0
96001,'767417067c1f4f372263',1651,,46,18,0,43 13 14,0
96001,'7a7c2673351c18595c18',1156,,270,18,0,43 13 14,0,365,,271,18,0,43 13 14,0,330,,272,18,0,43 13 14,0
