96100,'0e5131610429337c0530',853,,274,5,0,25 6 26 27,0
96100,'1c2e3625233d01453772',729,,277,7,0,70 13 71,0,85,,278,7,0,70 13 71,0,810,,275,7,0,20 21 22,0,180,,276,7,0,70 13 71,0
96100,'1f06603d1d7b4f2e4171',1409,,47,7,0,16 14,0,230,,48,7,0,16 14,0
96100,'1f5759673f12020b0a50',1009,,280,7,0,70 13 71,0,295,,281,7,0,72 73,0,500,,282,7,0,70 13 71,0,50,,283,7,0,72 73,0
96100,'207e270d054b176b5d33',1749,,50,7,0,16 14,0,95,,49,7,0,17 18 19,0
96100,'26316a4c147077516358',1759,,51,8,0,20 21 22,0,90,,52,6,0,32 33,0
96100,'31744f7e5638320a2d4c',1254,,284,8,0,70 13 71,0,5,,285,6,0,32 33,0
96100,'3823594e52252d7f6b14',1609,,287,7,0,70 13 71,0
96100,'456e647057623f581d57',1254,,289,7,0,70 13 71,0,90,,288,7,0,72 73,0
96100,'470c2b026954373b2a2c',1854,,290,7,0,72 73,0
96100,'51690127300c691c172c',839,,53,7,0,23 24,0
96100,'553d275f1455102c362a',1754,,291,8,0,20 21 22,0,95,,292,6,0,32 33,0,5,,293,8,0,72 73,0
96100,'57250a1f2855612e2d17',1259,,55,6,0,32 33,0
96100,'62061874353c664e5006',725,,57,1,0,34 35 36,0,114,,59,7,0,25 6 26 27,0,920,,60,7,0,16 14,0,100,,58,8,0,17 18 19,0
96100,'6706020c382341356e26',634,,61,7,0,16 14,0,385,,62,7,0,16 14,0,240,,63,7,0,16 14,0,490,,64,7,0,16 14,0
96100,'700e3c046b76752b6946',2054,,294,7,0,16 14,0
96100,'734c3e1b1c1138406a07',634,,67,7,0,16 14,0,95,,65,7,0,28 29,0,290,,68,7,0,16 14,0,240,,69,7,0,16 14,0,360,,66,7,0,20 30 31,0
96100,'7f443a14596255477616',725,,295,1,0,34 35 36,0
