96000,'02070559307629202a09',1036,,1,17,0,5 41 13 14,0
96000,'0a2f1e22095132130163',1756,,2,14,0,5 6 7 8,0,100,,3,14,0,47 48,0
96000,'1c2e3625233d01453772',836,,237,17,0,5 42,0,185,,238,17,0,5 42,0,235,,239,17,0,5 42,0,85,,240,17,0,5 42,0,265,,233,17,0,5 42,0,145,,234,17,0,5 42,0,105,,235,17,0,5 42,0,150,,236,17,0,5 42,0
96000,'1f5759673f12020b0a50',1036,,241,17,0,5 42,0
96000,'2a08755845643968295b',726,,4,17,0,5 42,0
96000,'2a5b3362091f52630354',726,,5,17,0,5 6 7 8,0,195,,8,17,0,5 6 7 8,0
96000,'2c295b0e5f4444502b59',826,,11,17,0,5 41 13 14,0,430,,9,17,0,5 41 13 14,0,550,,10,17,0,5 42,0
96000,'31744f7e5638320a2d4c',1256,,242,14,0,47 48,0
96000,'4d7a6615443531084902',836,,19,17,0,5 42,0,181,,20,17,0,5 42,0,239,,12,17,0,5 42,0,84,,13,17,0,5 42,0,262,,14,17,0,5 42,0,44,,15,17,0,5 42,0,105,,16,17,0,5 42,0,105,,17,17,0,5 42,0,150,,18,17,0,5 42,0
96000,'59737b0d0f044b52693e',726,,243,17,0,5 42,0
96000,'725616403949496a5c67',1256,,21,14,0,47 48,0
96000,'7a7c2673351c18595c18',826,,244,17,0,5 42,0,430,,245,17,0,5 42,0,550,,246,17,0,5 42,0
96000,'7f443a14596255477616',726,,250,17,0,5 6 7 8,0,195,,252,17,0,5 6 7 8,0,725,,247,17,0,5 42,0,110,,248,14,0,5 6 7 8,0,100,,249,14,0,47 48,0
