96001,'02070559307629202a09',919,,22,17,0,43 13 14,0
96001,'063e0e696b51092e1125',1244,,23,17,0,43 13 14,0
96001,'0a2f1e22095132130163',1559,,24,18,0,43 13 14,0,90,,25,20,0,43 13 14,0,100,,26,20,0,43 13 14,0,5,,28,18,0,43 13 14,0,105,,30,20,0,43 13 14,0
96001,'1c2e3625233d01453772',724,,254,17,0,43 13 14,0,103,,255,17,0,43 13 14,0,97,,256,17,0,43 13 14,0,235,,257,17,0,43 13 14,0,245,,258,17,0,43 13 14,0,550,,253,17,0,43 13 14,0
96001,'1f5759673f12020b0a50',919,,259,17,0,43 13 14,0
96001,'2a5b3362091f52630354',730,,31,20,0,43 13 44 45 46,0,109,,32,17,0,43 13 14,0,405,,33,18,0,43 13 14,0
96001,'2c295b0e5f4444502b59',1154,,36,17,0,43 13 14,0,365,,34,17,0,43 13 14,0,330,,35,17,0,43 13 14,0
96001,'2c3d7478417b2a41516b',1754,,37,17,0,43 13 14,0,105,,38,17,0,43 13 14,0
96001,'31744f7e5638320a2d4c',1244,,261,18,0,43 13 14,0
96001,'470c2b026954373b2a2c',1654,,262,17,0,43 13 14,0,100,,263,17,0,43 13 14,0,105,,264,17,0,43 13 14,0
96001,'4d7a6615443531084902',724,,40,17,0,43 13 14,0,103,,41,17,0,43 13 14,0,87,,42,17,0,43 13 14,0,245,,43,17,0,43 13 14,0,245,,39,17,0,43 13 14,0
96001,'553d275f1455102c362a',1244,,269,17,0,43 13 14,0,408,,265,18,0,43 13 14,0,97,,266,20,0,43 13 14,0,5,,267,18,0,43 13 14,0,103,,268,18,0,43 13 14,0
96001,'725616403949496a5c67',1249,,44,20,0,43 13 14,0
96001,'767417067c1f4f372263',1649,,46,17,0,43 13 14,0
96001,'7a7c2673351c18595c18',1154,,270,17,0,43 13 14,0,365,,271,17,0,43 13 14,0,330,,272,17,0,43 13 14,0
96001,'7f443a14596255477616',729,,273,20,0,43 13 44 45 46,0
