96000,'02070559307629202a09',1017,,1,6,0,5 41 13 14,0
96000,'0a2f1e22095132130163',1737,,2,3,0,5 6 7 8,0,100,,3,3,0,47 48,0
96000,'1c2e3625233d01453772',817,,237,6,0,5 42,0,185,,238,6,0,5 42,0,235,,239,6,0,5 42,0,85,,240,6,0,5 42,0,225,,233,6,0,5 42,0,185,,234,6,0,5 42,0,105,,235,6,0,5 42,0,110,,236,6,0,5 42,0
96000,'1f5759673f12020b0a50',1017,,241,6,0,5 42,0
96000,'2a08755845643968295b',707,,4,6,0,5 42,0
96000,'2a5b3362091f52630354',707,,5,6,0,5 6 7 8,0,195,,8,6,0,5 6 7 8,0
96000,'2c295b0e5f4444502b59',807,,11,6,0,5 41 13 14,0,430,,9,6,0,5 41 13 14,0,510,,10,6,0,5 42,0
96000,'31744f7e5638320a2d4c',1237,,242,3,0,47 48,0
96000,'4d7a6615443531084902',817,,19,6,0,5 42,0,185,,20,6,0,5 42,0,235,,12,6,0,5 42,0,85,,13,6,0,5 42,0,225,,14,6,0,5 42,0,80,,15,6,0,5 42,0,105,,16,6,0,5 42,0,105,,17,6,0,5 42,0,110,,18,6,0,5 42,0
96000,'59737b0d0f044b52693e',707,,243,6,0,5 42,0
96000,'725616403949496a5c67',1237,,21,3,0,47 48,0
96000,'7a7c2673351c18595c18',807,,244,6,0,5 42,0,430,,245,6,0,5 42,0,510,,246,6,0,5 42,0
96000,'7f443a14596255477616',707,,250,6,0,5 6 7 8,0,195,,252,6,0,5 6 7 8,0,725,,247,6,0,5 42,0,110,,248,3,0,5 6 7 8,0,100,,249,3,0,47 48,0
