96100,'1c2e3625233d01453772',710,,277,2,0,70 13 71,0,45,,278,2,0,70 13 71,0,850,,275,2,0,20 21 22,0,140,,276,2,0,70 13 71,0
96100,'1f06603d1d7b4f2e4171',1350,,47,2,0,16 14,0,270,,48,2,0,16 14,0
96100,'1f5759673f12020b0a50',950,,280,2,0,70 13 71,0,295,,281,2,0,72 73,0,500,,282,2,0,70 13 71,0,90,,283,2,0,72 73,0
96100,'207e270d054b176b5d33',1730,,50,2,0,16 14,0,95,,49,2,0,17 18 19,0
96100,'26316a4c147077516358',1740,,51,3,0,20 21 22,0,90,,52,2,0,32 33,0
96100,'31744f7e5638320a2d4c',1235,,284,3,0,70 13 71,0,5,,285,2,0,32 33,0
96100,'3823594e52252d7f6b14',1550,,287,2,0,70 13 71,0
96100,'456e647057623f581d57',1235,,289,2,0,70 13 71,0,90,,288,2,0,72 73,0
96100,'470c2b026954373b2a2c',1835,,290,2,0,72 73,0
96100,'51690127300c691c172c',820,,53,2,0,23 24,0
96100,'553d275f1455102c362a',1735,,291,3,0,20 21 22,0,95,,292,2,0,32 33,0,5,,293,3,0,72 73,0
96100,'57250a1f2855612e2d17',1240,,55,2,0,32 33,0
96100,'62061874353c664e5006',820,,59,2,0,25 6 26 27,0,920,,60,2,0,16 14,0,100,,58,3,0,17 18 19,0
96100,'6706020c382341356e26',615,,61,2,0,16 14,0,385,,62,2,0,16 14,0,240,,63,2,0,16 14,0,490,,64,2,0,16 14,0
96100,'700e3c046b76752b6946',2035,,294,2,0,16 14,0
96100,'734c3e1b1c1138406a07',615,,67,2,0,16 14,0,95,,65,2,0,28 29,0,290,,68,2,0,16 14,0,240,,69,2,0,16 14,0,360,,66,2,0,20 30 31,0
