96500,'1a2d50186c1c71632610',1950,,159,20,0,54 21 55 56 57,0
96500,'207e270d054b176b5d33',858,,160,2,0,58 21 59 60,0
96500,'26316a4c147077516358',1735,,161,19,0,58 21 59 60,0,70,,162,20,0,54 21 55 56 57,0,45,,163,10,0,58 21 59 60,0
96500,'310c545b6d5159571c44',1000,,164,20,0,9 10 11,0,320,,165,20,4,,0,6,,166,2,0,9 10 11,0
96500,'33541d3336005f05731c',920,,171,20,0,63 13,0,6,,168,2,0,58 21 59 60,0,394,,172,20,0,63 13,0,6,,169,2,0,58 21 59 60,0,319,,173,20,0,63 13,0,6,,167,2,0,58 21 59 60,0,284,,170,20,0,63 13,0
96500,'35230e2c11716f424f7b',1235,,174,2,0,58 21 59 60,0
96500,'4826425567292a620f4b',1950,,175,20,4,,0
96500,'57250a1f2855612e2d17',1235,,176,10,0,58 21 59 60,0,70,,177,20,0,54 21 55 56 57,0
96500,'62061874353c664e5006',745,,180,20,0,63 13,0,113,,179,10,0,58 21 59 60,0,687,,181,20,0,63 13,0,6,,178,2,0,58 21 59 60,0
96500,'734c3e1b1c1138406a07',858,,184,20,0,63 13,0,198,,182,2,0,58 21 59 60,0,174,,185,20,0,63 13,0,90,,183,20,4,,0,405,,186,20,0,63 13,0,120,,187,20,0,63 13,0
