96101,'184134507f4517151633',654,,297,11,0,43 21 49,0
96101,'1a2d50186c1c71632610',1356,,71,13,0,43 21 49,0
96101,'1c2e3625233d01453772',750,,302,20,0,43 21 49,0,103,,303,7,0,43 21 49,0,291,,304,19,0,43 21 49,0,259,,298,22,0,43 21 49,0,252,,299,20,0,43 21 49,0,66,,300,12,0,43 21 49,0,34,,301,13,0,43 21 49,0
96101,'1f06603d1d7b4f2e4171',1436,,73,20,0,43 21 49,0,500,,72,20,0,43 21 49,0
96101,'1f5759673f12020b0a50',750,,305,20,0,43 21 49,0,404,,306,11,0,43 21 49,0,501,,307,20,0,43 21 49,0,66,,308,12,0,43 21 49,0
96101,'207e270d054b176b5d33',659,,74,9,0,43 21 49,0
96101,'3823594e52252d7f6b14',1850,,311,20,0,43 21 49,0
96101,'41451b6a44727b403b38',202,,78,9,0,43 21 49,0
96101,'62061874353c664e5006',649,,82,9,0,43 13 44 45 46,0,405,,85,7,0,43 21 49,0,647,,86,7,0,43 13 44 45 46,0
96101,'6706020c382341356e26',806,,88,20,0,43 21 49,0,332,,89,21,0,43 21 49,0,298,,90,20,0,43 21 49,0,570,,87,20,0,43 21 49,0
96101,'700e3c046b76752b6946',1808,,314,21,0,43 21 49,0
96101,'734c3e1b1c1138406a07',806,,92,20,0,43 21 49,0,97,,96,14,0,43 21 49,0,235,,93,21,0,43 21 49,0,298,,94,20,0,43 21 49,0,321,,95,16,0,43 21 49,0,249,,91,20,0,43 21 49,0
96101,'7f443a14596255477616',648,,315,12,0,43 13 44 45 46,0,6,,316,11,0,43 13 44 45 46,0
