96201,'02070559307629202a09',921,,114,13,0,50 13 44,0
96201,'0a2f1e22095132130163',1746,,116,14,0,50 13 44,0,100,,115,14,0,50 13 44,0
96201,'2a08755845643968295b',921,,117,13,0,50 13 44,0
96201,'2a5b3362091f52630354',753,,118,18,0,50 13 44,0,83,,119,13,0,50 13 44,0
96201,'2c295b0e5f4444502b59',1431,,121,13,0,50 13 44,0,415,,120,13,0,50 13 44,0
96201,'2c3d7478417b2a41516b',1846,,125,13,0,50 13 44,0
96201,'4d7a6615443531084902',1431,,126,13,0,50 13 44,0
96201,'725616403949496a5c67',1251,,131,14,0,50 13 44,0,495,,130,13,0,50 13 44,0
96501,'1b0c370b2c2d48464514',1243,,188,21,4,,0,665,,189,21,4,,0
96501,'310c545b6d5159571c44',1240,,194,20,4,,0,614,,195,28,4,,0
96501,'33541d3336005f05731c',1603,,197,21,4,,0
96501,'57250a1f2855612e2d17',1313,,199,20,4,,0
96501,'5e2b1a64573d314d5f51',818,,200,21,4,,0
96501,'62061874353c664e5006',746,,202,25,0,50 40 6 64,0,992,,201,29,4,,0
96501,'734c3e1b1c1138406a07',654,,207,21,4,,0,389,,209,21,4,,0,370,,205,20,4,,0,40,,210,21,4,,0
