96001,'02070559307629202a09',911,,22,14,0,43 13 14,0
96001,'063e0e696b51092e1125',1236,,23,14,0,43 13 14,0
96001,'0a2f1e22095132130163',1551,,24,15,0,43 13 14,0,90,,25,17,0,43 13 14,0,100,,26,17,0,43 13 14,0,5,,28,15,0,43 13 14,0,105,,30,17,0,43 13 14,0
96001,'1c2e3625233d01453772',716,,254,14,0,43 13 14,0,103,,255,14,0,43 13 14,0,97,,256,14,0,43 13 14,0,235,,257,14,0,43 13 14,0,205,,258,14,0,43 13 14,0,590,,253,14,0,43 13 14,0
96001,'1f5759673f12020b0a50',911,,259,14,0,43 13 14,0
96001,'2a5b3362091f52630354',721,,31,17,0,43 13 44 45 46,0,110,,32,14,0,43 13 14,0,405,,33,15,0,43 13 14,0
96001,'2c295b0e5f4444502b59',1146,,36,14,0,43 13 14,0,365,,34,14,0,43 13 14,0,330,,35,14,0,43 13 14,0
96001,'2c3d7478417b2a41516b',1746,,37,14,0,43 13 14,0,105,,38,14,0,43 13 14,0
96001,'31744f7e5638320a2d4c',1236,,261,15,0,43 13 14,0
96001,'470c2b026954373b2a2c',1646,,262,14,0,43 13 14,0,100,,263,14,0,43 13 14,0,106,,264,14,0,43 13 14,0
96001,'4d7a6615443531084902',716,,40,14,0,43 13 14,0,103,,41,14,0,43 13 14,0,87,,42,14,0,43 13 14,0,245,,43,14,0,43 13 14,0,205,,39,14,0,43 13 14,0
96001,'553d275f1455102c362a',1236,,269,14,0,43 13 14,0,408,,265,15,0,43 13 14,0,97,,266,17,0,43 13 14,0,5,,267,15,0,43 13 14,0,103,,268,15,0,43 13 14,0
96001,'725616403949496a5c67',1241,,44,17,0,43 13 14,0
96001,'767417067c1f4f372263',1641,,46,14,0,43 13 14,0
96001,'7a7c2673351c18595c18',1146,,270,14,0,43 13 14,0,365,,271,14,0,43 13 14,0,330,,272,14,0,43 13 14,0
96001,'7f443a14596255477616',721,,273,17,0,43 13 44 45 46,0
