96101,'184134507f4517151633',722,,297,19,0,43 21 49,0
96101,'1a2d50186c1c71632610',1424,,71,21,0,43 21 49,0
96101,'1c2e3625233d01453772',818,,302,28,0,43 21 49,0,103,,303,15,0,43 21 49,0,291,,304,27,0,43 21 49,0,219,,298,30,0,43 21 49,0,292,,299,28,0,43 21 49,0,26,,300,20,0,43 21 49,0,74,,301,21,0,43 21 49,0
96101,'1f06603d1d7b4f2e4171',1504,,73,28,0,43 21 49,0,500,,72,28,0,43 21 49,0
96101,'1f5759673f12020b0a50',818,,305,28,0,43 21 49,0,404,,306,19,0,43 21 49,0,501,,307,28,0,43 21 49,0,26,,308,20,0,43 21 49,0
96101,'207e270d054b176b5d33',727,,74,17,0,43 21 49,0
96101,'26316a4c147077516358',1745,,75,4,0,43 13 44 45 46,0
96101,'31744f7e5638320a2d4c',1250,,310,9,0,43 13 44 45 46,0
96101,'3823594e52252d7f6b14',1918,,311,28,0,43 21 49,0
96101,'41451b6a44727b403b38',230,,78,17,0,43 21 49,0
96101,'553d275f1455102c362a',1750,,313,9,0,43 13 44 45 46,0
96101,'57250a1f2855612e2d17',1245,,79,4,0,43 13 44 45 46,0
96101,'62061874353c664e5006',717,,82,17,0,43 13 44 45 46,0,1,,83,19,0,43 13 44 45 46,0,4,,84,10,0,43 13 44 45 46,0,400,,85,15,0,43 21 49,0,607,,86,15,0,43 13 44 45 46,0
96101,'6706020c382341356e26',834,,88,28,0,43 21 49,0,372,,89,29,0,43 21 49,0,298,,90,28,0,43 21 49,0,530,,87,28,0,43 21 49,0
96101,'700e3c046b76752b6946',1836,,314,29,0,43 21 49,0
96101,'734c3e1b1c1138406a07',834,,92,28,0,43 21 49,0,97,,96,22,0,43 21 49,0,275,,93,29,0,43 21 49,0,298,,94,28,0,43 21 49,0,321,,95,24,0,43 21 49,0,209,,91,28,0,43 21 49,0
96101,'7f443a14596255477616',716,,315,20,0,43 13 44 45 46,0,6,,317,10,0,43 13 44 45 46,0
