96100,'1c2e3625233d01453772',843,,278,19,0,70 13 71,0
96100,'1f06603d1d7b4f2e4171',1438,,47,19,0,16 14,0,270,,48,19,0,16 14,0
96100,'1f5759673f12020b0a50',1333,,281,19,0,72 73,0,590,,283,19,0,72 73,0
96100,'207e270d054b176b5d33',1913,,49,19,0,17 18 19,0
96100,'31744f7e5638320a2d4c',1328,,286,19,0,72 73,0
96100,'456e647057623f581d57',1413,,288,19,0,72 73,0
96100,'470c2b026954373b2a2c',1923,,290,19,0,72 73,0
96100,'553d275f1455102c362a',1923,,293,20,0,72 73,0
96100,'62061874353c664e5006',1928,,58,20,0,17 18 19,0
96100,'6706020c382341356e26',703,,61,19,0,16 14,0,625,,63,19,0,16 14,0,490,,64,19,0,16 14,0
96100,'734c3e1b1c1138406a07',703,,67,19,0,16 14,0,625,,69,19,0,16 14,0
