96001,'4d7a6615443531084902',731,,40,21,0,43 13 14,0
96101,'1a2d50186c1c71632610',1434,,71,23,4,,0
96101,'1f06603d1d7b4f2e4171',1514,,73,30,4,,0,500,,72,30,4,,0
96101,'207e270d054b176b5d33',737,,74,19,4,,0
96101,'26316a4c147077516358',1755,,75,6,0,43 13 44 45 46,0
96101,'41451b6a44727b403b38',240,,78,19,4,,0
96101,'57250a1f2855612e2d17',1255,,79,6,0,43 13 44 45 46,0
96101,'62061874353c664e5006',725,,83,21,0,43 13 44 45 46,0,2,,82,19,0,43 13 44 45 46,0,5,,84,12,0,43 13 44 45 46,0,400,,85,17,4,,0,607,,86,17,0,43 13 44 45 46,0
96101,'6706020c382341356e26',844,,88,30,4,,0,372,,89,31,4,,0,298,,90,30,4,,0,530,,87,30,4,,0
96101,'734c3e1b1c1138406a07',844,,92,30,4,,0,97,,96,24,4,,0,275,,93,31,4,,0,298,,94,30,4,,0,321,,95,26,4,,0,209,,91,30,4,,0
96601,'734c3e1b1c1138406a07',730,,216,11,4,,0,200,,217,11,4,,0,520,,218,11,4,,0,370,,219,11,4,,0,35,,220,11,4,,0
96701,'734c3e1b1c1138406a07',736,,227,15,0,43 13 14,0
