96100,'0e5131610429337c0530',954,,274,21,0,25 6 26 27,0
96100,'1c2e3625233d01453772',829,,277,24,0,70 13 71,0,1020,,276,22,0,70 13 71,0
96100,'1f5759673f12020b0a50',1054,,280,22,0,70 13 71,0,795,,282,22,0,70 13 71,0
96100,'207e270d054b176b5d33',1834,,50,22,0,16 14,0
96100,'26316a4c147077516358',1842,,51,23,0,20 21 22,0
96100,'31744f7e5638320a2d4c',1339,,284,23,0,70 13 71,0
96100,'3823594e52252d7f6b14',1654,,287,22,0,70 13 71,0
96100,'456e647057623f581d57',1339,,289,22,0,70 13 71,0
96100,'57250a1f2855612e2d17',1344,,54,22,0,20 21 22,0
96100,'62061874353c664e5006',943,,59,23,0,25 6 26 27,0,901,,60,22,0,16 14,0
96100,'6706020c382341356e26',1104,,62,22,0,16 14,0
96100,'700e3c046b76752b6946',2139,,294,22,0,16 14,0
96100,'734c3e1b1c1138406a07',814,,65,21,0,28 29,0,290,,68,22,0,16 14,0,621,,66,22,4,,0
