96500,'1a2d50186c1c71632610',1949,,159,19,0,54 21 55 56 57,0
96500,'207e270d054b176b5d33',857,,160,1,0,58 21 59 60,0
96500,'26316a4c147077516358',1734,,161,18,0,58 21 59 60,0,70,,162,19,0,54 21 55 56 57,0,45,,163,9,0,58 21 59 60,0
96500,'310c545b6d5159571c44',959,,164,19,0,9 10 11,0,360,,165,19,0,61 62,0,6,,166,1,0,9 10 11,0
96500,'33541d3336005f05731c',919,,171,19,0,63 13,0,6,,168,1,0,58 21 59 60,0,394,,172,19,0,63 13,0,6,,169,1,0,58 21 59 60,0,319,,173,19,0,63 13,0,6,,167,1,0,58 21 59 60,0,284,,170,19,0,63 13,0
96500,'35230e2c11716f424f7b',1234,,174,1,0,58 21 59 60,0
96500,'4826425567292a620f4b',1949,,175,19,0,61 62,0
96500,'57250a1f2855612e2d17',1234,,176,9,0,58 21 59 60,0,70,,177,19,0,54 21 55 56 57,0
96500,'62061874353c664e5006',744,,180,19,0,63 13,0,113,,179,9,0,58 21 59 60,0,687,,181,19,0,63 13,0,6,,178,1,0,58 21 59 60,0
96500,'734c3e1b1c1138406a07',857,,184,19,0,63 13,0,198,,182,1,0,58 21 59 60,0,174,,185,19,0,63 13,0,90,,183,19,0,61 62,0,405,,186,19,0,63 13,0,120,,187,19,0,63 13,0
