96100,'0e5131610429337c0530',843,,274,3,0,25 6 26 27,0
96100,'1c2e3625233d01453772',719,,277,5,0,70 13 71,0,85,,278,5,0,70 13 71,0,810,,275,5,0,20 21 22,0,140,,276,5,0,70 13 71,0
96100,'1f06603d1d7b4f2e4171',1359,,47,5,0,16 14,0,270,,48,5,0,16 14,0
96100,'1f5759673f12020b0a50',959,,280,5,0,70 13 71,0,295,,281,5,0,72 73,0,500,,282,5,0,70 13 71,0,90,,283,5,0,72 73,0
96100,'207e270d054b176b5d33',1739,,50,5,0,16 14,0,95,,49,5,0,17 18 19,0
96100,'26316a4c147077516358',1749,,51,6,0,20 21 22,0,90,,52,4,0,32 33,0
96100,'31744f7e5638320a2d4c',1244,,284,6,0,70 13 71,0,5,,285,4,0,32 33,0
96100,'3823594e52252d7f6b14',1559,,287,5,0,70 13 71,0
96100,'456e647057623f581d57',1244,,289,5,0,70 13 71,0,90,,288,5,0,72 73,0
96100,'470c2b026954373b2a2c',1844,,290,5,0,72 73,0
96100,'51690127300c691c172c',829,,53,5,0,23 24,0
96100,'553d275f1455102c362a',1744,,291,6,0,20 21 22,0,95,,292,4,0,32 33,0,5,,293,6,0,72 73,0
96100,'57250a1f2855612e2d17',1249,,55,4,0,32 33,0
96100,'62061874353c664e5006',829,,59,5,0,25 6 26 27,0,920,,60,5,0,16 14,0,100,,58,6,0,17 18 19,0
96100,'6706020c382341356e26',624,,61,5,0,16 14,0,385,,62,5,0,16 14,0,240,,63,5,0,16 14,0,490,,64,5,0,16 14,0
96100,'700e3c046b76752b6946',2044,,294,5,0,16 14,0
96100,'734c3e1b1c1138406a07',624,,67,5,0,16 14,0,95,,65,5,0,28 29,0,290,,68,5,0,16 14,0,240,,69,5,0,16 14,0,360,,66,5,0,20 30 31,0
