96100,'0e5131610429337c0530',951,,274,19,0,25 6 26 27,0
96100,'1c2e3625233d01453772',1842,,276,20,0,70 13 71,0
96100,'1f5759673f12020b0a50',1047,,280,20,0,70 13 71,0,795,,282,20,0,70 13 71,0
96100,'207e270d054b176b5d33',1828,,50,20,0,16 14,0
96100,'26316a4c147077516358',1836,,51,21,0,20 21 22,0
96100,'31744f7e5638320a2d4c',1331,,284,20,0,70 13 71,0
96100,'3823594e52252d7f6b14',1647,,287,20,0,70 13 71,0
96100,'456e647057623f581d57',1331,,289,19,0,70 13 71,0
96100,'57250a1f2855612e2d17',1340,,54,20,0,20 21 22,0
96100,'62061874353c664e5006',937,,59,21,0,25 6 26 27,0,901,,60,20,0,16 14,0
96100,'6706020c382341356e26',1058,,62,20,0,16 14,0
96100,'700e3c046b76752b6946',2133,,294,20,0,16 14,0
96100,'734c3e1b1c1138406a07',810,,65,19,0,28 29,0,248,,68,20,0,16 14,0
