96501,'1b0c370b2c2d48464514',1205,,188,2,0,50 13 14,0,625,,189,2,0,50 13 14,0
96501,'207e270d054b176b5d33',734,,190,10,0,61 13 14,0
96501,'2724402b035c46631941',1159,,191,10,0,61 13 14,0
96501,'2b33551d1a5425693c1e',1159,,192,10,0,61 13 14,0
96501,'310c545b6d5159571c44',1149,,193,9,0,61 13 14,0,56,,194,1,0,50 13 14,0,614,,195,9,0,50 13 14,0
96501,'33541d3336005f05731c',1519,,196,10,0,61 13 14,0,6,,197,2,0,50 13 14,0
96501,'57250a1f2855612e2d17',1159,,198,10,0,65 66,0,76,,199,1,0,50 13 14,0
96501,'5e2b1a64573d314d5f51',740,,200,2,0,50 13 14,0
96501,'62061874353c664e5006',708,,202,6,0,50 40 6 64,0,26,,203,10,0,65 66,0,966,,201,10,0,50 13 14,0
96501,'6d295e790f30085f783f',1824,,204,10,0,61 13 14,0
96501,'734c3e1b1c1138406a07',616,,207,2,0,50 13 14,0,343,,208,10,0,61 13 14,0,47,,209,2,0,50 13 14,0,329,,205,1,0,50 13 14,0,69,,206,10,0,61 13 14,0,11,,210,2,0,50 13 14,0
