96000,'0a2f1e22095132130163',1805,,2,18,0,5 6 7 8,0,100,,3,18,0,47 48,0
96000,'1c2e3625233d01453772',845,,237,21,4,,0,185,,238,21,4,,0,275,,239,21,4,,0,45,,240,21,4,,0,265,,233,21,4,,0,185,,234,21,4,,0,105,,235,21,4,,0,110,,236,21,4,,0
96000,'1f5759673f12020b0a50',1045,,241,21,4,,0
96000,'2a08755845643968295b',735,,4,21,4,,0
96000,'2a5b3362091f52630354',735,,5,21,0,5 6 7 8,0,195,,8,21,0,5 6 7 8,0
96000,'2c295b0e5f4444502b59',1815,,10,21,4,,0
96000,'31744f7e5638320a2d4c',1305,,242,18,0,47 48,0
96000,'4d7a6615443531084902',845,,19,21,4,,0,185,,20,21,4,,0,275,,12,21,4,,0,45,,13,21,4,,0,265,,14,22,4,,0,40,,15,21,4,,0,145,,16,21,4,,0,105,,17,21,4,,0,110,,18,21,4,,0
96000,'59737b0d0f044b52693e',735,,243,21,4,,0
96000,'725616403949496a5c67',1305,,21,18,0,47 48,0
96000,'7a7c2673351c18595c18',835,,244,21,4,,0,470,,245,21,4,,0,510,,246,21,4,,0
96000,'7f443a14596255477616',735,,250,21,0,5 6 7 8,0,195,,252,21,0,5 6 7 8,0,725,,247,21,4,,0,150,,248,18,0,5 6 7 8,0,100,,249,18,0,47 48,0
96200,'02070559307629202a09',1754,,97,13,4,,0
96200,'0a2f1e22095132130163',1757,,99,19,4,,0,102,,98,19,4,,0
96200,'2a5b3362091f52630354',742,,100,15,0,5 6 7 8,0
96200,'2c295b0e5f4444502b59',832,,101,14,4,,0,519,,102,14,4,,0
96200,'2c3d7478417b2a41516b',1757,,106,13,4,,0
96200,'4d7a6615443531084902',832,,107,14,4,,0,519,,108,14,4,,0
96200,'725616403949496a5c67',1257,,113,19,4,,0,602,,112,13,4,,0
