'02070559307629202a09',20260704,0,20260711,0,20260718,0,20260725,0,20260801,0,20260808,0,20260815,0,20260815,2,20260822,0,20260829,0
'063e0e696b51092e1125',20260702,0,20260703,0,20260706,0,20260707,0,20260708,0,20260709,0,20260710,0,20260713,0,20260714,0,20260714,2,20260715,0,20260716,0,20260717,0,20260720,0,20260721,0,20260722,0,20260723,0,20260724,0,20260727,0,20260728,0,20260729,0,20260730,0,20260731,0,20260803,0,20260804,0,20260805,0,20260806,0,20260807,0,20260810,0,20260811,0,20260812,0,20260813,0,20260814,0,20260817,0,20260818,0,20260819,0,20260820,0,20260821,0,20260824,0,20260825,0,20260826,0,20260827,0,20260828,0,20260831,0
'0a2f1e22095132130163',20260702,0,20260703,0
'180111415f0c242f6111',20260703,0
'1a2d50186c1c71632610',20260703,0,20260710,0,20260717,0,20260724,0,20260731,0,20260807,0,20260814,0,20260821,0,20260828,0
'1b0c370b2c2d48464514',20260701,0,20260702,0,20260703,0,20260704,0,20260705,0,20260706,0,20260707,0,20260708,0,20260709,0,20260710,0,20260711,0,20260712,0,20260713,0,20260714,0,20260715,0,20260716,0,20260717,0,20260718,0,20260719,0,20260720,0,20260721,0,20260722,0,20260723,0,20260724,0,20260725,0,20260726,0,20260727,0,20260728,0,20260729,0,20260730,0,20260731,0,20260801,0,20260802,0,20260803,0,20260804,0,20260805,0,20260806,0,20260807,0,20260808,0,20260809,0,20260810,0,20260811,0,20260812,0,20260813,0,20260814,0,20260815,0,20260816,0,20260817,0,20260818,0,20260819,0,20260820,0,20260821,0,20260822,0,20260823,0,20260824,0,20260825,0,20260826,0,20260827,0,20260828,0,20260829,0,20260830,0,20260831,0
'1f06603d1d7b4f2e4171',20260705,0,20260712,0,20260714,1,20260719,0,20260726,0,20260802,0,20260809,0,20260815,1,20260816,0,20260823,0,20260830,0
'207e270d054b176b5d33',20260706,0,20260707,0,20260708,0,20260709,0,20260710,0,20260713,0,20260714,0,20260714,2,20260715,0,20260716,0,20260717,0,20260720,0,20260721,0,20260722,0,20260723,0,20260724,0,20260727,0,20260728,0,20260729,0,20260730,0,20260731,0,20260803,0,20260804,0,20260805,0,20260806,0,20260807,0,20260810,0,20260811,0,20260812,0,20260813,0,20260814,0,20260817,0,20260818,0,20260819,0,20260820,0,20260821,0,20260824,0,20260825,0,20260826,0,20260827,0,20260828,0,20260831,0
'26316a4c147077516358',20260702,0,20260703,0
'2724402b035c46631941',20260702,0,20260703,0
'2a08755845643968295b',20260706,0,20260707,0,20260708,0,20260709,0,20260710,0,20260713,0,20260714,0,20260714,2,20260715,0,20260716,0,20260717,0,20260720,0,20260721,0,20260722,0,20260723,0,20260724,0,20260727,0,20260728,0,20260729,0,20260730,0,20260731,0,20260803,0,20260804,0,20260805,0,20260806,0,20260807,0,20260810,0,20260811,0,20260812,0,20260813,0,20260814,0,20260817,0,20260818,0,20260819,0,20260820,0,20260821,0,20260824,0,20260825,0,20260826,0,20260827,0,20260828,0,20260831,0
'2a5b3362091f52630354',20260701,0,20260702,0,20260703,0
'2b33551d1a5425693c1e',20260704,0,20260705,0,20260706,0,20260707,0,20260708,0,20260709,0,20260710,0,20260711,0,20260712,0,20260713,0,20260714,0,20260715,0,20260716,0,20260717,0,20260718,0,20260719,0,20260720,0,20260721,0,20260722,0,20260723,0,20260724,0,20260725,0,20260726,0,20260727,0,20260728,0,20260729,0,20260730,0,20260731,0,20260801,0,20260802,0,20260803,0,20260804,0,20260805,0,20260806,0,20260807,0,20260808,0,20260809,0,20260810,0,20260811,0,20260812,0,20260813,0,20260814,0,20260815,0,20260816,0,20260817,0,20260818,0,20260819,0,20260820,0,20260821,0,20260822,0,20260823,0,20260824,0,20260825,0,20260826,0,20260827,0,20260828,0,20260829,0,20260830,0,20260831,0
'2c295b0e5f4444502b59',20260704,0,20260705,0,20260711,0,20260712,0,20260714,1,20260718,0,20260719,0,20260725,0,20260726,0,20260801,0,20260802,0,20260808,0,20260809,0,20260815,0,20260816,0,20260822,0,20260823,0,20260829,0,20260830,0
'2c3d7478417b2a41516b',20260701,0,20260702,0,20260702,2,20260703,0,20260703,2,20260706,0,20260707,0,20260708,0,20260709,0,20260710,0,20260713,0,20260714,0,20260714,2,20260715,0,20260716,0,20260717,0,20260720,0,20260721,0,20260722,0,20260723,0,20260724,0,20260727,0,20260728,0,20260729,0,20260730,0,20260731,0,20260803,0,20260804,0,20260805,0,20260806,0,20260807,0,20260810,0,20260811,0,20260812,0,20260813,0,20260814,0,20260817,0,20260818,0,20260819,0,20260820,0,20260821,0,20260824,0,20260825,0,20260826,0,20260827,0,20260828,0,20260831,0
'310c545b6d5159571c44',20260701,0,20260702,0,20260703,0,20260704,0,20260705,0,20260706,0,20260707,0,20260708,0,20260709,0,20260710,0,20260711,0,20260712,0,20260713,0,20260714,0,20260715,0,20260716,0,20260717,0,20260718,0,20260719,0,20260720,0,20260721,0,20260722,0,20260723,0,20260724,0,20260725,0,20260726,0,20260727,0,20260728,0,20260729,0,20260730,0,20260731,0,20260801,0,20260802,0,20260803,0,20260804,0,20260805,0,20260806,0,20260807,0,20260808,0,20260809,0,20260810,0,20260811,0,20260812,0,20260813,0,20260814,0,20260815,0,20260816,0,20260817,0,20260818,0,20260819,0,20260820,0,20260821,0,20260822,0,20260823,0,20260824,0,20260825,0,20260826,0,20260827,0,20260828,0,20260829,0,20260830,0,20260831,0
'3340600c65346d727f50',20260701,1,20260702,1,20260703,1,20260704,0,20260705,0,20260711,0,20260712,0,20260714,1,20260718,0,20260719,0,20260725,0,20260726,0,20260801,0,20260802,0,20260808,0,20260809,0,20260815,0,20260816,0,20260822,0,20260823,0,20260829,0,20260830,0
'33541d3336005f05731c',20260704,0,20260705,0,20260711,0,20260712,0,20260714,1,20260718,0,20260719,0,20260725,0,20260726,0,20260801,0,20260802,0,20260808,0,20260809,0,20260815,0,20260816,0,20260822,0,20260823,0,20260829,0,20260830,0
'35230e2c11716f424f7b',20260701,1,20260702,0,20260703,0,20260706,0,20260707,0,20260709,0,20260710,0,20260713,0,20260714,0,20260714,2,20260716,0,20260717,0,20260720,0,20260721,0,20260723,0,20260724,0,20260727,0,20260728,0,20260730,0,20260731,0,20260803,0,20260804,0,20260806,0,20260807,0,20260810,0,20260811,0,20260813,0,20260814,0,20260817,0,20260818,0,20260820,0,20260821,0,20260824,0,20260825,0,20260827,0,20260828,0,20260831,0
'38375b725c3e313d2453',20260702,0,20260703,0,20260706,0,20260707,0,20260708,0,20260709,0,20260710,0,20260713,0,20260714,0,20260714,2,20260715,0,20260716,0,20260717,0,20260720,0,20260721,0,20260722,0,20260723,0,20260724,0,20260727,0,20260728,0,20260729,0,20260730,0,20260731,0,20260803,0,20260804,0,20260805,0,20260806,0,20260807,0,20260810,0,20260811,0,20260812,0,20260813,0,20260814,0,20260817,0,20260818,0,20260819,0,20260820,0,20260821,0,20260824,0,20260825,0,20260826,0,20260827,0,20260828,0,20260831,0
'41451b6a44727b403b38',20260720,0,20260721,0,20260722,0,20260723,0,20260724,0,20260725,0,20260726,0,20260727,0,20260728,0,20260729,0,20260730,0,20260731,0,20260801,0,20260802,0,20260803,0,20260804,0,20260805,0,20260806,0
'4826425567292a620f4b',20260701,0,20260702,0,20260706,0,20260707,0,20260708,0,20260709,0,20260713,0,20260714,0,20260714,2,20260715,0,20260716,0,20260720,0,20260721,0,20260722,0,20260723,0,20260727,0,20260728,0,20260729,0,20260730,0,20260803,0,20260804,0,20260805,0,20260806,0,20260810,0,20260811,0,20260812,0,20260813,0,20260817,0,20260818,0,20260819,0,20260820,0,20260824,0,20260825,0,20260826,0,20260827,0,20260831,0
'4d7a6615443531084902',20260701,0,20260702,0,20260703,0,20260706,0,20260707,0,20260708,0,20260709,0,20260710,0,20260713,0,20260714,0,20260714,2,20260715,0,20260716,0,20260717,0,20260720,0,20260721,0,20260722,0,20260723,0,20260724,0,20260727,0,20260728,0,20260729,0,20260730,0,20260731,0,20260803,0,20260804,0,20260805,0,20260806,0,20260807,0,20260810,0,20260811,0,20260812,0,20260813,0,20260814,0,20260817,0,20260818,0,20260819,0,20260820,0,20260821,0,20260824,0,20260825,0,20260826,0,20260827,0,20260828,0,20260831,0
'51690127300c691c172c',20260701,0,20260702,0,20260703,0
'57250a1f2855612e2d17',20260701,0
'5e2b1a64573d314d5f51',20260701,0,20260702,0,20260703,0,20260704,0,20260706,0,20260707,0,20260708,0,20260709,0,20260710,0,20260711,0,20260713,0,20260714,0,20260714,2,20260715,0,20260716,0,20260717,0,20260718,0,20260720,0,20260721,0,20260722,0,20260723,0,20260724,0,20260725,0,20260727,0,20260728,0,20260729,0,20260730,0,20260731,0,20260801,0,20260803,0,20260804,0,20260805,0,20260806,0,20260807,0,20260808,0,20260810,0,20260811,0,20260812,0,20260813,0,20260814,0,20260815,0,20260815,2,20260817,0,20260818,0,20260819,0,20260820,0,20260821,0,20260822,0,20260824,0,20260825,0,20260826,0,20260827,0,20260828,0,20260829,0,20260831,0
'62061874353c664e5006',20260701,0,20260702,0,20260703,0
'6706020c382341356e26',20260704,0,20260711,0,20260718,0,20260725,0,20260801,0,20260808,0,20260815,0,20260815,2,20260822,0,20260829,0
'6d295e790f30085f783f',20260704,0,20260705,0,20260706,0,20260707,0,20260708,0,20260709,0,20260710,0,20260711,0,20260712,0,20260713,0,20260714,0,20260715,0,20260716,0,20260717,0,20260718,0,20260719,0,20260720,0,20260721,0,20260722,0,20260723,0,20260724,0,20260725,0,20260726,0,20260727,0,20260728,0,20260729,0,20260730,0,20260731,0,20260801,0,20260802,0,20260803,0,20260804,0,20260805,0,20260806,0,20260807,0,20260808,0,20260809,0,20260810,0,20260811,0,20260812,0,20260813,0,20260814,0,20260815,0,20260816,0,20260817,0,20260818,0,20260819,0,20260820,0,20260821,0,20260822,0,20260823,0,20260824,0,20260825,0,20260826,0,20260827,0,20260828,0,20260829,0,20260830,0,20260831,0
'725616403949496a5c67',20260701,0
'734c3e1b1c1138406a07',20260701,0,20260702,0,20260703,0,20260706,0,20260707,0,20260708,0,20260709,0,20260710,0,20260713,0,20260714,0,20260714,2,20260715,0,20260716,0,20260717,0,20260720,0,20260721,0,20260722,0,20260723,0,20260724,0,20260727,0,20260728,0,20260729,0,20260730,0,20260731,0,20260803,0,20260804,0,20260805,0,20260806,0,20260807,0,20260810,0,20260811,0,20260812,0,20260813,0,20260814,0,20260817,0,20260818,0,20260819,0,20260820,0,20260821,0,20260824,0,20260825,0,20260826,0,20260827,0,20260828,0,20260831,0
'767417067c1f4f372263',20260701,0,20260702,0,20260702,2,20260703,0,20260703,2,20260705,0,20260706,0,20260707,0,20260708,0,20260709,0,20260710,0,20260712,0,20260713,0,20260714,0,20260715,0,20260716,0,20260717,0,20260719,0,20260720,0,20260721,0,20260722,0,20260723,0,20260724,0,20260726,0,20260727,0,20260728,0,20260729,0,20260730,0,20260731,0,20260802,0,20260803,0,20260804,0,20260805,0,20260806,0,20260807,0,20260809,0,20260810,0,20260811,0,20260812,0,20260813,0,20260814,0,20260815,1,20260816,0,20260817,0,20260818,0,20260819,0,20260820,0,20260821,0,20260823,0,20260824,0,20260825,0,20260826,0,20260827,0,20260828,0,20260830,0,20260831,0
'7c623d324c7d3f371548',20260706,0,20260707,0,20260708,0,20260709,0,20260710,0,20260713,0,20260714,0,20260714,2,20260715,0,20260716,0,20260717,0,20260720,0,20260721,0,20260722,0,20260723,0,20260724,0,20260727,0,20260728,0,20260729,0,20260730,0,20260731,0,20260803,0,20260804,0,20260805,0,20260806,0,20260807,0,20260810,0,20260811,0,20260812,0,20260813,0,20260814,0,20260817,0,20260818,0,20260819,0,20260820,0,20260821,0,20260824,0,20260825,0,20260826,0,20260827,0,20260828,0,20260831,0
