96101,'184134507f4517151633',707,,297,15,0,43 21 49,0
96101,'1a2d50186c1c71632610',1409,,71,17,0,43 21 49,0
96101,'1c2e3625233d01453772',803,,302,24,0,43 21 49,0,103,,303,11,0,43 21 49,0,251,,304,23,0,43 21 49,0,259,,298,26,0,43 21 49,0,292,,299,24,0,43 21 49,0,26,,300,16,0,43 21 49,0,74,,301,17,0,43 21 49,0
96101,'1f06603d1d7b4f2e4171',1449,,73,24,0,43 21 49,0,500,,72,24,0,43 21 49,0
96101,'1f5759673f12020b0a50',803,,305,24,0,43 21 49,0,404,,306,15,0,43 21 49,0,501,,307,24,0,43 21 49,0,26,,308,16,0,43 21 49,0
96101,'207e270d054b176b5d33',712,,74,13,0,43 21 49,0
96101,'26316a4c147077516358',1728,,77,3,0,68 69,0
96101,'31744f7e5638320a2d4c',1233,,309,5,0,68 69,0
96101,'3823594e52252d7f6b14',1903,,311,24,0,43 21 49,0
96101,'41451b6a44727b403b38',215,,78,13,0,43 21 49,0
96101,'553d275f1455102c362a',1733,,312,5,0,68 69,0
96101,'57250a1f2855612e2d17',1228,,81,3,0,68 69,0
96101,'62061874353c664e5006',702,,82,13,0,43 13 44 45 46,0,5,,84,6,0,43 13 44 45 46,0,400,,85,11,0,43 21 49,0,607,,86,11,0,43 13 44 45 46,0
96101,'6706020c382341356e26',819,,88,24,0,43 21 49,0,332,,89,25,0,43 21 49,0,298,,90,24,0,43 21 49,0,570,,87,24,0,43 21 49,0
96101,'700e3c046b76752b6946',1821,,314,25,0,43 21 49,0
96101,'734c3e1b1c1138406a07',819,,92,24,0,43 21 49,0,97,,96,18,0,43 21 49,0,235,,93,25,0,43 21 49,0,298,,94,24,0,43 21 49,0,361,,95,20,0,43 21 49,0,209,,91,24,0,43 21 49,0
96101,'7f443a14596255477616',701,,315,16,0,43 13 44 45 46,0,6,,317,6,0,43 13 44 45 46,0
