96100,'0e5131610429337c0530',900,,274,8,0,25 6 26 27,0
96100,'1c2e3625233d01453772',736,,277,10,0,70 13 71,0,85,,278,10,0,70 13 71,0,810,,275,10,0,20 21 22,0,180,,276,10,0,70 13 71,0
96100,'1f06603d1d7b4f2e4171',1416,,47,10,0,16 14,0,230,,48,10,0,16 14,0
96100,'1f5759673f12020b0a50',1016,,280,10,0,70 13 71,0,295,,281,10,0,72 73,0,500,,282,10,0,70 13 71,0,90,,283,10,0,72 73,0
96100,'207e270d054b176b5d33',1756,,50,10,0,16 14,0,95,,49,10,0,17 18 19,0
96100,'26316a4c147077516358',1806,,51,11,0,20 21 22,0,50,,52,9,0,32 33,0
96100,'31744f7e5638320a2d4c',1301,,284,11,0,70 13 71,0,5,,285,9,0,32 33,0
96100,'3823594e52252d7f6b14',1616,,287,10,0,70 13 71,0
96100,'456e647057623f581d57',1301,,289,10,0,70 13 71,0,50,,288,10,0,72 73,0
96100,'470c2b026954373b2a2c',1901,,290,10,0,72 73,0
96100,'51690127300c691c172c',846,,53,10,0,23 24,0
96100,'553d275f1455102c362a',1801,,291,11,0,20 21 22,0,55,,292,9,0,32 33,0,45,,293,11,0,72 73,0
96100,'57250a1f2855612e2d17',1306,,55,9,0,32 33,0
96100,'62061874353c664e5006',730,,56,2,0,34 35 36,0,116,,59,10,0,25 6 26 27,0,960,,60,10,0,16 14,0,100,,58,11,0,17 18 19,0
96100,'6706020c382341356e26',641,,61,10,0,16 14,0,385,,62,10,0,16 14,0,280,,63,10,0,16 14,0,450,,64,10,0,16 14,0
96100,'700e3c046b76752b6946',2101,,294,10,0,16 14,0
96100,'734c3e1b1c1138406a07',641,,67,10,0,16 14,0,95,,65,10,0,28 29,0,290,,68,10,0,16 14,0,280,,69,10,0,16 14,0,320,,66,10,0,20 30 31,0
96100,'7f443a14596255477616',730,,296,2,0,34 35 36,0
