96001,'02070559307629202a09',845,,22,1,0,43 13 14,0
96001,'063e0e696b51092e1125',1210,,23,1,0,43 13 14,0
96001,'0a2f1e22095132130163',1525,,24,2,0,43 13 14,0,90,,25,2,0,43 13 14,0,100,,26,2,0,43 13 14,0,5,,28,2,0,43 13 14,0,105,,30,2,0,43 13 14,0
96001,'2a5b3362091f52630354',655,,31,4,0,43 13 44 45 46,0,150,,32,1,0,43 13 14,0,405,,33,2,0,43 13 14,0
96001,'2c295b0e5f4444502b59',1120,,36,1,0,43 13 14,0,325,,34,1,0,43 13 14,0,370,,35,1,0,43 13 14,0
96001,'2c3d7478417b2a41516b',1720,,37,1,0,43 13 14,0,105,,38,1,0,43 13 14,0
96001,'4d7a6615443531084902',650,,40,1,0,43 13 14,0,103,,41,1,0,43 13 14,0,87,,42,1,0,43 13 14,0,285,,43,1,0,43 13 14,0,205,,39,1,0,43 13 14,0
96001,'725616403949496a5c67',1215,,44,2,0,43 13 14,0
96001,'767417067c1f4f372263',1615,,46,1,0,43 13 14,0
96201,'02070559307629202a09',845,,114,1,0,50 13 44,0
96201,'0a2f1e22095132130163',1710,,116,2,0,50 13 44,0,100,,115,2,0,50 13 44,0
96201,'2a08755845643968295b',845,,117,1,0,50 13 44,0
96201,'2a5b3362091f52630354',655,,118,1,0,50 13 44,0,145,,119,1,0,50 13 44,0
96201,'2c295b0e5f4444502b59',1009,,122,8,0,5 41 13 14,0,245,,123,8,0,5 41 13 14,0,101,,121,1,0,50 13 44,0,454,,124,8,0,5 41 13 14,0,1,,120,1,0,50 13 44,0
96201,'2c3d7478417b2a41516b',1810,,125,1,0,50 13 44,0
96201,'4d7a6615443531084902',1009,,127,8,0,5 41 13 14,0,245,,128,8,0,5 41 13 14,0,101,,126,1,0,50 13 44,0,454,,129,8,0,5 41 13 14,0
96201,'725616403949496a5c67',1215,,131,2,0,50 13 44,0,495,,130,1,0,50 13 44,0
