96100,'0e5131610429337c0530',849,,274,4,0,25 6 26 27,0
96100,'1c2e3625233d01453772',725,,277,6,0,70 13 71,0,85,,278,6,0,70 13 71,0,810,,275,6,0,20 21 22,0,180,,276,6,0,70 13 71,0
96100,'1f06603d1d7b4f2e4171',1405,,47,6,0,16 14,0,230,,48,6,0,16 14,0
96100,'1f5759673f12020b0a50',1005,,280,6,0,70 13 71,0,295,,281,6,0,72 73,0,500,,282,6,0,70 13 71,0,50,,283,6,0,72 73,0
96100,'207e270d054b176b5d33',1745,,50,6,0,16 14,0,95,,49,6,0,17 18 19,0
96100,'26316a4c147077516358',1755,,51,7,0,20 21 22,0,90,,52,5,0,32 33,0
96100,'31744f7e5638320a2d4c',1250,,284,7,0,70 13 71,0,5,,285,5,0,32 33,0
96100,'3823594e52252d7f6b14',1605,,287,6,0,70 13 71,0
96100,'456e647057623f581d57',1250,,289,6,0,70 13 71,0,90,,288,6,0,72 73,0
96100,'470c2b026954373b2a2c',1850,,290,6,0,72 73,0
96100,'51690127300c691c172c',835,,53,6,0,23 24,0
96100,'553d275f1455102c362a',1750,,291,7,0,20 21 22,0,95,,292,5,0,32 33,0,5,,293,7,0,72 73,0
96100,'57250a1f2855612e2d17',1255,,55,5,0,32 33,0
96100,'62061874353c664e5006',721,,56,1,0,34 35 36,0,114,,59,6,0,25 6 26 27,0,920,,60,6,0,16 14,0,100,,58,7,0,17 18 19,0
96100,'6706020c382341356e26',630,,61,6,0,16 14,0,385,,62,6,0,16 14,0,240,,63,6,0,16 14,0,490,,64,6,0,16 14,0
96100,'700e3c046b76752b6946',2050,,294,6,0,16 14,0
96100,'734c3e1b1c1138406a07',630,,67,6,0,16 14,0,95,,65,6,0,28 29,0,290,,68,6,0,16 14,0,240,,69,6,0,16 14,0,360,,66,6,0,20 30 31,0
96100,'7f443a14596255477616',721,,296,1,0,34 35 36,0
