96200,'02070559307629202a09',1715,,97,1,0,5 42,0
96200,'0a2f1e22095132130163',1700,,99,1,0,5 42,0,110,,98,1,0,5 42,0
96200,'2a5b3362091f52630354',700,,100,1,0,5 6 7 8,0
96200,'2c295b0e5f4444502b59',753,,101,1,0,5 42,0,557,,102,1,0,5 42,0
96200,'2c3d7478417b2a41516b',1700,,106,1,0,5 42,0
96200,'4d7a6615443531084902',753,,107,1,0,5 42,0,557,,108,1,0,5 42,0
96200,'725616403949496a5c67',1210,,113,1,0,5 42,0,600,,112,1,0,5 42,0
96500,'1a2d50186c1c71632610',1915,,159,1,0,54 21 55 56 57,0
96500,'26316a4c147077516358',1730,,162,1,0,54 21 55 56 57,0
96500,'310c545b6d5159571c44',925,,164,1,0,9 10 11,0,320,,165,1,0,61 62,0
96500,'33541d3336005f05731c',845,,171,1,0,63 13,0,400,,172,1,0,63 13,0,365,,173,1,0,63 13,0,290,,170,1,0,63 13,0
96500,'4826425567292a620f4b',1915,,175,1,0,61 62,0
96500,'57250a1f2855612e2d17',1230,,177,1,0,54 21 55 56 57,0
96500,'62061874353c664e5006',710,,180,1,0,63 13,0,800,,181,1,0,63 13,0
96500,'734c3e1b1c1138406a07',823,,184,1,0,63 13,0,332,,185,1,0,63 13,0,90,,183,1,0,61 62,0,405,,186,1,0,63 13,0,160,,187,1,0,63 13,0
