96100,'0e5131610429337c0530',907,,274,10,0,25 6 26 27,0
96100,'1c2e3625233d01453772',743,,277,12,0,70 13 71,0,85,,278,12,0,70 13 71,0,810,,275,12,0,20 21 22,0,180,,276,12,0,70 13 71,0
96100,'1f06603d1d7b4f2e4171',1423,,47,12,0,16 14,0,230,,48,12,0,16 14,0
96100,'1f5759673f12020b0a50',1023,,280,12,0,70 13 71,0,295,,281,12,0,72 73,0,500,,282,12,0,70 13 71,0,90,,283,12,0,72 73,0
96100,'207e270d054b176b5d33',1803,,50,12,0,16 14,0,55,,49,12,0,17 18 19,0
96100,'26316a4c147077516358',1813,,51,13,0,20 21 22,0,90,,52,10,0,32 33,0
96100,'31744f7e5638320a2d4c',1308,,284,13,0,70 13 71,0,5,,285,10,0,32 33,0
96100,'3823594e52252d7f6b14',1623,,287,12,0,70 13 71,0
96100,'456e647057623f581d57',1308,,289,12,0,70 13 71,0,50,,288,12,0,72 73,0
96100,'470c2b026954373b2a2c',1908,,290,12,0,72 73,0
96100,'51690127300c691c172c',853,,53,12,0,23 24,0
96100,'553d275f1455102c362a',1808,,291,13,0,20 21 22,0,95,,292,10,0,32 33,0,5,,293,13,0,72 73,0
96100,'57250a1f2855612e2d17',1313,,55,10,0,32 33,0
96100,'62061874353c664e5006',853,,59,12,0,25 6 26 27,0,960,,60,12,0,16 14,0,100,,58,13,0,17 18 19,0
96100,'6706020c382341356e26',648,,61,12,0,16 14,0,385,,62,12,0,16 14,0,280,,63,12,0,16 14,0,490,,64,12,0,16 14,0
96100,'700e3c046b76752b6946',2108,,294,12,0,16 14,0
96100,'734c3e1b1c1138406a07',648,,67,12,0,16 14,0,95,,65,12,0,28 29,0,290,,68,12,0,16 14,0,280,,69,12,0,16 14,0,320,,66,12,0,20 30 31,0
