96001,'02070559307629202a09',915,,22,16,0,43 13 14,0
96001,'063e0e696b51092e1125',1240,,23,16,0,43 13 14,0
96001,'0a2f1e22095132130163',1555,,24,17,0,43 13 14,0,90,,25,19,0,43 13 14,0,100,,26,19,0,43 13 14,0,5,,28,17,0,43 13 14,0,105,,30,19,0,43 13 14,0
96001,'1c2e3625233d01453772',720,,254,16,0,43 13 14,0,103,,255,16,0,43 13 14,0,97,,256,16,0,43 13 14,0,235,,257,16,0,43 13 14,0,245,,258,16,0,43 13 14,0,550,,253,16,0,43 13 14,0
96001,'1f5759673f12020b0a50',915,,259,16,0,43 13 14,0
96001,'2a5b3362091f52630354',725,,31,19,0,43 13 44 45 46,0,110,,32,16,0,43 13 14,0,405,,33,17,0,43 13 14,0
96001,'2c295b0e5f4444502b59',1150,,36,16,0,43 13 14,0,365,,34,16,0,43 13 14,0,330,,35,16,0,43 13 14,0
96001,'2c3d7478417b2a41516b',1750,,37,16,0,43 13 14,0,105,,38,16,0,43 13 14,0
96001,'31744f7e5638320a2d4c',1240,,261,17,0,43 13 14,0
96001,'470c2b026954373b2a2c',1650,,262,16,0,43 13 14,0,100,,263,16,0,43 13 14,0,105,,264,16,0,43 13 14,0
96001,'4d7a6615443531084902',720,,40,16,0,43 13 14,0,103,,41,16,0,43 13 14,0,87,,42,16,0,43 13 14,0,245,,43,16,0,43 13 14,0,245,,39,16,0,43 13 14,0
96001,'553d275f1455102c362a',1240,,269,16,0,43 13 14,0,408,,265,17,0,43 13 14,0,97,,266,19,0,43 13 14,0,5,,267,17,0,43 13 14,0,103,,268,17,0,43 13 14,0
96001,'725616403949496a5c67',1245,,44,19,0,43 13 14,0
96001,'767417067c1f4f372263',1645,,46,16,0,43 13 14,0
96001,'7a7c2673351c18595c18',1150,,270,16,0,43 13 14,0,365,,271,16,0,43 13 14,0,330,,272,16,0,43 13 14,0
96001,'7f443a14596255477616',725,,273,19,0,43 13 44 45 46,0
