96000,'02070559307629202a09',1033,,1,15,0,5 41 13 14,0
96000,'0a2f1e22095132130163',1753,,2,12,0,5 6 7 8,0,100,,3,12,0,47 48,0
96000,'1c2e3625233d01453772',833,,237,15,0,5 42,0,185,,238,15,0,5 42,0,235,,239,15,0,5 42,0,85,,240,15,0,5 42,0,265,,233,15,0,5 42,0,145,,234,15,0,5 42,0,105,,235,15,0,5 42,0,150,,236,15,0,5 42,0
96000,'1f5759673f12020b0a50',1033,,241,15,0,5 42,0
96000,'2a08755845643968295b',723,,4,15,0,5 42,0
96000,'2a5b3362091f52630354',723,,5,15,0,5 6 7 8,0,195,,8,15,0,5 6 7 8,0
96000,'2c295b0e5f4444502b59',823,,11,15,0,5 41 13 14,0,430,,9,15,0,5 41 13 14,0,550,,10,15,0,5 42,0
96000,'31744f7e5638320a2d4c',1253,,242,12,0,47 48,0
96000,'4d7a6615443531084902',833,,19,15,0,5 42,0,182,,20,15,0,5 42,0,238,,12,15,0,5 42,0,85,,13,15,0,5 42,0,262,,14,15,0,5 42,0,43,,15,15,0,5 42,0,105,,16,15,0,5 42,0,105,,17,15,0,5 42,0,150,,18,15,0,5 42,0
96000,'59737b0d0f044b52693e',723,,243,15,0,5 42,0
96000,'725616403949496a5c67',1253,,21,12,0,47 48,0
96000,'7a7c2673351c18595c18',823,,244,15,0,5 42,0,430,,245,15,0,5 42,0,550,,246,15,0,5 42,0
96000,'7f443a14596255477616',723,,250,15,0,5 6 7 8,0,195,,252,15,0,5 6 7 8,0,725,,247,15,0,5 42,0,110,,248,12,0,5 6 7 8,0,100,,249,12,0,47 48,0
96200,'02070559307629202a09',1747,,97,9,0,5 42,0
96200,'0a2f1e22095132130163',1750,,99,15,0,5 42,0,102,,98,15,0,5 42,0
96200,'2a5b3362091f52630354',735,,100,11,0,5 6 7 8,0
96200,'2c295b0e5f4444502b59',825,,101,10,0,5 42,0,519,,102,10,0,5 42,0
96200,'2c3d7478417b2a41516b',1750,,106,9,0,5 42,0
96200,'4d7a6615443531084902',825,,107,10,0,5 42,0,519,,108,10,0,5 42,0
96200,'725616403949496a5c67',1250,,113,15,0,5 42,0,602,,112,9,0,5 42,0
