96201,'02070559307629202a09',926,,114,14,4,,0
96201,'0a2f1e22095132130163',1751,,116,15,4,,0,107,,115,15,4,,0
96201,'2a08755845643968295b',926,,117,14,4,,0
96201,'2a5b3362091f52630354',758,,118,19,4,,0,83,,119,14,4,,0
96201,'2c295b0e5f4444502b59',1443,,121,15,4,,0,415,,120,15,4,,0
96201,'2c3d7478417b2a41516b',1858,,125,15,4,,0
96201,'4d7a6615443531084902',1443,,126,15,4,,0
96201,'725616403949496a5c67',1256,,131,15,4,,0,495,,130,14,4,,0
96501,'1b0c370b2c2d48464514',1238,,188,20,0,50 13 14,0,665,,189,20,0,50 13 14,0
96501,'310c545b6d5159571c44',1235,,194,19,0,50 13 14,0,614,,195,27,0,50 13 14,0
96501,'33541d3336005f05731c',1558,,197,20,0,50 13 14,0
96501,'57250a1f2855612e2d17',1308,,199,19,0,50 13 14,0
96501,'5e2b1a64573d314d5f51',813,,200,20,0,50 13 14,0
96501,'62061874353c664e5006',741,,202,24,0,50 40 6 64,0,992,,201,28,0,50 13 14,0
96501,'734c3e1b1c1138406a07',649,,207,20,0,50 13 14,0,389,,209,20,0,50 13 14,0,370,,205,19,0,50 13 14,0,40,,210,20,0,50 13 14,0
