96100,'1c2e3625233d01453772',922,,278,22,0,70 13 71,0
96100,'1f06603d1d7b4f2e4171',1517,,47,22,0,16 14,0,230,,48,22,0,16 14,0
96100,'1f5759673f12020b0a50',1042,,279,3,0,74 42,0,370,,281,22,4,,0,590,,283,22,4,,0
96100,'207e270d054b176b5d33',1851,,50,24,0,16 14,0
96100,'31744f7e5638320a2d4c',1407,,286,22,4,,0
96100,'456e647057623f581d57',1452,,288,22,4,,0
96100,'470c2b026954373b2a2c',2002,,290,22,4,,0
96100,'553d275f1455102c362a',2002,,293,23,4,,0
96100,'62061874353c664e5006',1901,,60,24,0,16 14,0
96100,'6706020c382341356e26',742,,61,22,0,16 14,0,665,,63,22,0,16 14,0,450,,64,22,0,16 14,0
96100,'734c3e1b1c1138406a07',742,,67,22,0,16 14,0,665,,69,22,0,16 14,0
