96101,'184134507f4517151633',651,,297,9,0,43 21 49,0
96101,'1a2d50186c1c71632610',1354,,71,11,0,43 21 49,0
96101,'1c2e3625233d01453772',747,,302,18,0,43 21 49,0,103,,303,5,0,43 21 49,0,291,,304,17,0,43 21 49,0,259,,298,20,0,43 21 49,0,252,,299,18,0,43 21 49,0,66,,300,10,0,43 21 49,0,34,,301,11,0,43 21 49,0
96101,'1f06603d1d7b4f2e4171',1433,,73,18,0,43 21 49,0,500,,72,18,0,43 21 49,0
96101,'1f5759673f12020b0a50',747,,305,18,0,43 21 49,0,404,,306,9,0,43 21 49,0,501,,307,18,0,43 21 49,0,66,,308,10,0,43 21 49,0
96101,'207e270d054b176b5d33',657,,74,7,0,43 21 49,0
96101,'3823594e52252d7f6b14',1847,,311,18,0,43 21 49,0
96101,'41451b6a44727b403b38',159,,78,7,0,43 21 49,0
96101,'62061874353c664e5006',646,,83,10,0,43 13 44 45 46,0,1,,82,7,0,43 13 44 45 46,0,405,,85,5,0,43 21 49,0,607,,86,5,0,43 13 44 45 46,0
96101,'6706020c382341356e26',803,,88,18,0,43 21 49,0,332,,89,19,0,43 21 49,0,298,,90,18,0,43 21 49,0,570,,87,18,0,43 21 49,0
96101,'700e3c046b76752b6946',1805,,314,19,0,43 21 49,0
96101,'734c3e1b1c1138406a07',803,,92,18,0,43 21 49,0,98,,96,12,0,43 21 49,0,234,,93,19,0,43 21 49,0,298,,94,18,0,43 21 49,0,322,,95,14,0,43 21 49,0,248,,91,18,0,43 21 49,0
96101,'7f443a14596255477616',645,,315,10,0,43 13 44 45 46,0,6,,316,9,0,43 13 44 45 46,0
