96100,'1c2e3625233d01453772',855,,277,30,0,70 13 71,0,98,,278,28,0,70 13 71,0,962,,276,28,0,70 13 71,0
96100,'1f06603d1d7b4f2e4171',1546,,47,27,0,16 14,0,270,,48,27,0,16 14,0
96100,'1f5759673f12020b0a50',1120,,280,28,0,70 13 71,0,795,,282,28,0,70 13 71,0
96100,'207e270d054b176b5d33',1920,,50,29,0,16 14,0
96100,'31744f7e5638320a2d4c',1405,,284,29,0,70 13 71,0
96100,'3823594e52252d7f6b14',1720,,287,28,0,70 13 71,0
96100,'456e647057623f581d57',1405,,289,28,0,70 13 71,0
96100,'62061874353c664e5006',1930,,60,29,0,16 14,0
96100,'6706020c382341356e26',811,,61,27,0,16 14,0,319,,62,27,0,16 14,0,306,,63,27,0,16 14,0,490,,64,27,0,16 14,0
96100,'700e3c046b76752b6946',2205,,294,27,0,16 14,0
96100,'734c3e1b1c1138406a07',811,,67,27,0,16 14,0,319,,68,27,0,16 14,0,306,,69,27,0,16 14,0
