96101,'184134507f4517151633',708,,297,16,0,43 21 49,0
96101,'1a2d50186c1c71632610',1410,,71,18,0,43 21 49,0
96101,'1c2e3625233d01453772',804,,302,25,0,43 21 49,0,103,,303,12,0,43 21 49,0,251,,304,24,0,43 21 49,0,259,,298,27,0,43 21 49,0,292,,299,25,0,43 21 49,0,26,,300,17,0,43 21 49,0,74,,301,18,0,43 21 49,0
96101,'1f06603d1d7b4f2e4171',1450,,73,25,0,43 21 49,0,500,,72,25,0,43 21 49,0
96101,'1f5759673f12020b0a50',804,,305,25,0,43 21 49,0,404,,306,16,0,43 21 49,0,501,,307,25,0,43 21 49,0,26,,308,17,0,43 21 49,0
96101,'207e270d054b176b5d33',713,,74,14,0,43 21 49,0
96101,'26316a4c147077516358',1732,,77,4,4,,0
96101,'31744f7e5638320a2d4c',1237,,309,6,4,,0
96101,'3823594e52252d7f6b14',1904,,311,25,0,43 21 49,0
96101,'41451b6a44727b403b38',216,,78,14,0,43 21 49,0
96101,'553d275f1455102c362a',1737,,312,6,4,,0
96101,'57250a1f2855612e2d17',1232,,81,4,4,,0
96101,'62061874353c664e5006',703,,82,14,0,43 13 44 45 46,0,1,,83,16,0,43 13 44 45 46,0,4,,84,7,0,43 13 44 45 46,0,400,,85,12,0,43 21 49,0,607,,86,12,0,43 13 44 45 46,0
96101,'6706020c382341356e26',820,,88,25,0,43 21 49,0,332,,89,26,0,43 21 49,0,298,,90,25,0,43 21 49,0,570,,87,25,0,43 21 49,0
96101,'700e3c046b76752b6946',1822,,314,26,0,43 21 49,0
96101,'734c3e1b1c1138406a07',820,,92,25,0,43 21 49,0,97,,96,19,0,43 21 49,0,235,,93,26,0,43 21 49,0,298,,94,25,0,43 21 49,0,361,,95,21,0,43 21 49,0,209,,91,25,0,43 21 49,0
96101,'7f443a14596255477616',702,,315,17,0,43 13 44 45 46,0,6,,317,7,0,43 13 44 45 46,0
