96001,'02070559307629202a09',908,,22,12,0,43 13 14,0
96001,'063e0e696b51092e1125',1233,,23,12,0,43 13 14,0
96001,'0a2f1e22095132130163',1548,,24,13,0,43 13 14,0,90,,25,15,0,43 13 14,0,100,,26,15,0,43 13 14,0,5,,28,13,0,43 13 14,0,105,,30,15,0,43 13 14,0
96001,'1c2e3625233d01453772',712,,254,12,0,43 13 14,0,103,,255,12,0,43 13 14,0,97,,256,12,0,43 13 14,0,235,,257,12,0,43 13 14,0,205,,258,12,0,43 13 14,0,590,,253,12,0,43 13 14,0
96001,'1f5759673f12020b0a50',907,,259,12,0,43 13 14,0
96001,'2a5b3362091f52630354',717,,31,15,0,43 13 44 45 46,0,111,,32,12,0,43 13 14,0,405,,33,13,0,43 13 14,0
96001,'2c295b0e5f4444502b59',1143,,36,12,0,43 13 14,0,365,,34,12,0,43 13 14,0,330,,35,12,0,43 13 14,0
96001,'2c3d7478417b2a41516b',1743,,37,12,0,43 13 14,0,105,,38,12,0,43 13 14,0
96001,'31744f7e5638320a2d4c',1232,,261,13,0,43 13 14,0
96001,'470c2b026954373b2a2c',1642,,262,12,0,43 13 14,0,100,,263,12,0,43 13 14,0,105,,264,12,0,43 13 14,0
96001,'4d7a6615443531084902',713,,40,12,0,43 13 14,0,103,,41,12,0,43 13 14,0,87,,42,12,0,43 13 14,0,245,,43,12,0,43 13 14,0,205,,39,12,0,43 13 14,0
96001,'553d275f1455102c362a',1232,,269,12,0,43 13 14,0,408,,265,13,0,43 13 14,0,97,,266,15,0,43 13 14,0,5,,267,13,0,43 13 14,0,103,,268,13,0,43 13 14,0
96001,'725616403949496a5c67',1238,,44,15,0,43 13 14,0
96001,'767417067c1f4f372263',1638,,46,12,0,43 13 14,0
96001,'7a7c2673351c18595c18',1142,,270,12,0,43 13 14,0,365,,271,12,0,43 13 14,0,330,,272,12,0,43 13 14,0
96001,'7f443a14596255477616',717,,273,15,0,43 13 44 45 46,0
