96100,'0e5131610429337c0530',929,,274,13,0,25 6 26 27,0
96100,'1c2e3625233d01453772',746,,277,14,0,70 13 71,0,85,,278,14,0,70 13 71,0,810,,275,14,0,20 21 22,0,180,,276,14,0,70 13 71,0
96100,'1f06603d1d7b4f2e4171',1426,,47,14,0,16 14,0,230,,48,14,0,16 14,0
96100,'1f5759673f12020b0a50',1026,,280,14,0,70 13 71,0,295,,281,14,0,72 73,0,500,,282,14,0,70 13 71,0,90,,283,14,0,72 73,0
96100,'207e270d054b176b5d33',1806,,50,14,0,16 14,0,95,,49,14,0,17 18 19,0
96100,'26316a4c147077516358',1816,,51,15,0,20 21 22,0
96100,'31744f7e5638320a2d4c',1311,,284,15,0,70 13 71,0,5,,286,14,0,72 73,0
96100,'3823594e52252d7f6b14',1626,,287,14,0,70 13 71,0
96100,'456e647057623f581d57',1311,,289,14,0,70 13 71,0,90,,288,14,0,72 73,0
96100,'470c2b026954373b2a2c',1911,,290,14,0,72 73,0
96100,'51690127300c691c172c',856,,53,14,0,23 24,0
96100,'553d275f1455102c362a',1811,,291,15,0,20 21 22,0,100,,293,15,0,72 73,0
96100,'57250a1f2855612e2d17',1316,,54,15,0,20 21 22,0
96100,'62061874353c664e5006',915,,59,15,0,25 6 26 27,0,901,,60,14,0,16 14,0,100,,58,15,0,17 18 19,0
96100,'6706020c382341356e26',651,,61,14,0,16 14,0,385,,62,14,0,16 14,0,280,,63,14,0,16 14,0,490,,64,14,0,16 14,0
96100,'700e3c046b76752b6946',2111,,294,14,0,16 14,0
96100,'734c3e1b1c1138406a07',651,,67,14,0,16 14,0,95,,65,14,0,28 29,0,290,,68,14,0,16 14,0,280,,69,14,0,16 14,0,320,,66,14,0,20 30 31,0
