96100,'1c2e3625233d01453772',837,,277,27,0,70 13 71,0,96,,278,25,0,70 13 71,0,924,,276,25,0,70 13 71,0
96100,'1f06603d1d7b4f2e4171',1528,,47,24,0,16 14,0,230,,48,24,0,16 14,0
96100,'1f5759673f12020b0a50',1102,,280,25,0,70 13 71,0,755,,282,25,0,70 13 71,0
96100,'207e270d054b176b5d33',1902,,50,26,0,16 14,0
96100,'31744f7e5638320a2d4c',1347,,284,26,0,70 13 71,0
96100,'3823594e52252d7f6b14',1702,,287,25,0,70 13 71,0
96100,'456e647057623f581d57',1347,,289,25,0,70 13 71,0
96100,'62061874353c664e5006',1912,,60,26,0,16 14,0
96100,'6706020c382341356e26',753,,61,24,0,16 14,0,360,,62,24,0,16 14,0,305,,63,24,0,16 14,0,490,,64,24,0,16 14,0
96100,'700e3c046b76752b6946',2148,,294,24,0,16 14,0
96100,'734c3e1b1c1138406a07',753,,67,24,0,16 14,0,360,,68,24,0,16 14,0,305,,69,24,0,16 14,0
