96101,'184134507f4517151633',652,,297,10,0,43 21 49,0
96101,'1a2d50186c1c71632610',1355,,71,12,0,43 21 49,0
96101,'1c2e3625233d01453772',748,,302,19,0,43 21 49,0,103,,303,6,0,43 21 49,0,291,,304,18,0,43 21 49,0,259,,298,21,0,43 21 49,0,252,,299,19,0,43 21 49,0,66,,300,11,0,43 21 49,0,34,,301,12,0,43 21 49,0
96101,'1f06603d1d7b4f2e4171',1434,,73,19,0,43 21 49,0,500,,72,19,0,43 21 49,0
96101,'1f5759673f12020b0a50',748,,305,19,0,43 21 49,0,404,,306,10,0,43 21 49,0,501,,307,19,0,43 21 49,0,66,,308,11,0,43 21 49,0
96101,'207e270d054b176b5d33',658,,74,8,0,43 21 49,0
96101,'3823594e52252d7f6b14',1848,,311,19,0,43 21 49,0
96101,'41451b6a44727b403b38',200,,78,8,0,43 21 49,0
96101,'62061874353c664e5006',647,,83,11,0,43 13 44 45 46,0,1,,82,8,0,43 13 44 45 46,0,405,,85,6,0,43 21 49,0,647,,86,6,0,43 13 44 45 46,0
96101,'6706020c382341356e26',804,,88,19,0,43 21 49,0,332,,89,20,0,43 21 49,0,298,,90,19,0,43 21 49,0,570,,87,19,0,43 21 49,0
96101,'700e3c046b76752b6946',1806,,314,20,0,43 21 49,0
96101,'734c3e1b1c1138406a07',804,,92,19,0,43 21 49,0,98,,96,13,0,43 21 49,0,234,,93,20,0,43 21 49,0,298,,94,19,0,43 21 49,0,322,,95,15,0,43 21 49,0,248,,91,19,0,43 21 49,0
96101,'7f443a14596255477616',646,,315,11,0,43 13 44 45 46,0,6,,316,10,0,43 13 44 45 46,0
