96100,'1f06603d1d7b4f2e4171',1455,,47,20,0,16 14,0,270,,48,20,0,16 14,0
96100,'207e270d054b176b5d33',1930,,49,20,4,,0
96100,'62061874353c664e5006',1945,,58,21,4,,0
96100,'6706020c382341356e26',720,,61,20,0,16 14,0,625,,63,20,0,16 14,0,490,,64,20,0,16 14,0
96100,'734c3e1b1c1138406a07',720,,67,20,0,16 14,0,625,,69,20,0,16 14,0
96101,'1f06603d1d7b4f2e4171',1404,,73,12,0,43 21 49,0,500,,72,12,0,43 21 49,0
96101,'207e270d054b176b5d33',636,,74,1,0,43 21 49,0
96101,'41451b6a44727b403b38',130,,78,1,0,43 21 49,0
96101,'62061874353c664e5006',621,,82,1,0,43 13 44 45 46,0
96101,'6706020c382341356e26',734,,88,12,0,43 21 49,0,670,,90,12,0,43 21 49,0,530,,87,12,0,43 21 49,0
96101,'734c3e1b1c1138406a07',734,,92,12,0,43 21 49,0,670,,94,12,0,43 21 49,0,530,,91,12,0,43 21 49,0
