96100,'0e5131610429337c0530',939,,274,17,0,25 6 26 27,0
96100,'1c2e3625233d01453772',756,,277,18,0,70 13 71,0,85,,278,18,0,70 13 71,0,810,,275,18,0,20 21 22,0,180,,276,18,0,70 13 71,0
96100,'1f06603d1d7b4f2e4171',1436,,47,18,0,16 14,0,270,,48,18,0,16 14,0
96100,'1f5759673f12020b0a50',1036,,280,18,0,70 13 71,0,295,,281,18,0,72 73,0,500,,282,18,0,70 13 71,0,90,,283,18,0,72 73,0
96100,'207e270d054b176b5d33',1816,,50,18,0,16 14,0,95,,49,18,0,17 18 19,0
96100,'26316a4c147077516358',1826,,51,19,0,20 21 22,0
96100,'31744f7e5638320a2d4c',1321,,284,19,0,70 13 71,0,5,,286,18,0,72 73,0
96100,'3823594e52252d7f6b14',1636,,287,18,0,70 13 71,0
96100,'456e647057623f581d57',1321,,289,18,0,70 13 71,0,90,,288,18,0,72 73,0
96100,'470c2b026954373b2a2c',1921,,290,18,0,72 73,0
96100,'51690127300c691c172c',906,,53,18,4,,0
96100,'553d275f1455102c362a',1821,,291,19,0,20 21 22,0,100,,293,19,0,72 73,0
96100,'62061874353c664e5006',925,,59,19,0,25 6 26 27,0,901,,60,18,0,16 14,0,100,,58,19,0,17 18 19,0
96100,'6706020c382341356e26',701,,61,18,0,16 14,0,345,,62,18,0,16 14,0,280,,63,18,0,16 14,0,490,,64,18,0,16 14,0
96100,'700e3c046b76752b6946',2121,,294,18,0,16 14,0
96100,'734c3e1b1c1138406a07',701,,67,18,0,16 14,0,345,,68,18,0,16 14,0,280,,69,18,0,16 14,0
