96100,'0e5131610429337c0530',854,,274,6,0,25 6 26 27,0
96100,'1c2e3625233d01453772',730,,277,8,0,70 13 71,0,85,,278,8,0,70 13 71,0,810,,275,8,0,20 21 22,0,180,,276,8,0,70 13 71,0
96100,'1f06603d1d7b4f2e4171',1410,,47,8,0,16 14,0,230,,48,8,0,16 14,0
96100,'1f5759673f12020b0a50',1010,,280,8,0,70 13 71,0,295,,281,8,0,72 73,0,500,,282,8,0,70 13 71,0,50,,283,8,0,72 73,0
96100,'207e270d054b176b5d33',1750,,50,8,0,16 14,0,95,,49,8,0,17 18 19,0
96100,'26316a4c147077516358',1800,,51,9,0,20 21 22,0,50,,52,7,0,32 33,0
96100,'31744f7e5638320a2d4c',1255,,284,9,0,70 13 71,0,45,,285,7,0,32 33,0
96100,'3823594e52252d7f6b14',1610,,287,8,0,70 13 71,0
96100,'456e647057623f581d57',1255,,289,8,0,70 13 71,0,90,,288,8,0,72 73,0
96100,'470c2b026954373b2a2c',1855,,290,8,0,72 73,0
96100,'51690127300c691c172c',840,,53,8,0,23 24,0
96100,'553d275f1455102c362a',1755,,291,9,0,20 21 22,0,95,,292,7,0,32 33,0,5,,293,9,0,72 73,0
96100,'57250a1f2855612e2d17',1300,,55,7,0,32 33,0
96100,'62061874353c664e5006',726,,57,2,0,34 35 36,0,114,,59,8,0,25 6 26 27,0,960,,60,8,0,16 14,0,100,,58,9,0,17 18 19,0
96100,'6706020c382341356e26',635,,61,8,0,16 14,0,385,,62,8,0,16 14,0,280,,63,8,0,16 14,0,450,,64,8,0,16 14,0
96100,'700e3c046b76752b6946',2055,,294,8,0,16 14,0
96100,'734c3e1b1c1138406a07',635,,67,8,0,16 14,0,95,,65,8,0,28 29,0,290,,68,8,0,16 14,0,280,,69,8,0,16 14,0,320,,66,8,0,20 30 31,0
96100,'7f443a14596255477616',726,,295,2,0,34 35 36,0
